471
431
899
997
816
352
994
253
216
420
896
164
464
749
571
275
144
367
829
625
539
737
163
667
300
675
767
459
12
108
226
160
745
98
407
50
482
481
113
929
976
965
486
48
128
110
341
471
160
916
814
491
844
557
231
150
72
751
340
316
853
875
754
496
592
874
965
193
213
31
975
378
804
363
98
789
242
827
29
91
919
40
54
158
753
742
12
926
220
276
31
433
567
260
177
842
469
585
59
224
868
974
519
726
869
886
223
45
797
780
685
851
901
691
330
168
591
709
935
615
843
43
275
651
553
454
776
210
944
189
954
182
351
577
606
465
310
981
887
886
685
976
632
347
264
775
606
263
809
907
650
384
856
580
331
675
68
583
507
884
358
854
121
60
243
601
672
796
542
733
936
116
549
125
43
807
30
357
356
931
106
859
210
383
114
378
91
928
222
758
285
988
540
103
816
486
66
871
695
565
206
959
158
301
94
859
13
99
260
737
531
721
621
564
350
328
965
546
741
259
674
826
690
620
569
686
567
751
677
129
665
466
396
363
428
90
3
581
247
606
294
789
165
304
595
5
849
6
501
380
347
283
593
303
254
370
653
988
603
766
263
701
606
518
679
321
165
462
213
325
623
815
973
684
973
275
665
13
404
710
598
587
800
80
708
740
594
176
701
587
306
662
788
842
373
87
667
474
565
370
864
879
736
706
41
281
183
962
841
294
234
769
88
232
797
708
441
478
134
63
174
364
821
963
19
265
82
657
70
130
271
772
358
95
494
638
348
474
683
163
203
970
266
255
897
45
473
826
191
416
962
337
154
326
470
980
585
12
695
761
723
282
793
208
666
397
188
660
96
305
268
679
405
240
488
886
920
643
861
835
472
420
101
817
333
850
11
115
228
277
305
454
111
215
506
216
629
269
276
691
977
284
798
726
771
386
438
949
394
618
963
331
696
576
317
273
433
161
708
403
935
959
779
967
813
948
3
494
909
575
685
588
849
366
720
346
886
422
836
650
824
130
435
212
599
406
869
404
269
503
842
912
273
431
376
357
988
314
765
963
181
515
253
601
32
202
591
354
46
208
920
808
72
640
949
604
867
516
461
140
967
792
229
999
814
707
560
352
253
247
398
404
693
601
941
274
99
680
562
819
127
548
458
29
46
789
855
382
395
980
325
998
620
130
304
779
11
722
225
182
698
636
240
754
69
460
300
787
197
598
858
91
183
471
10
93
95
350
691
945
874
756
267
222
764
474
496
24
697
296
242
887
286
808
609
945
496
302
195
123
802
903
128
820
270
663
448
87
574
177
77
486
243
546
859
181
983
765
187
667
186
141
617
547
269
248
708
341
97
170
833
789
108
73
524
301
699
146
511
485
843
948
781
225
605
913
649
522
696
942
357
620
557
15
75
818
978
786
471
580
895
723
439
916
585
965
819
804
10
194
932
294
962
302
733
58
398
209
393
103
313
223
781
240
658
379
362
383
665
135
775
941
238
777
635
470
819
57
310
885
628
994
786
727
616
726
938
185
953
958
59
865
302
304
794
618
211
320
42
702
345
895
592
237
601
539
77
357
923
272
133
7
991
966
911
279
532
770
884
312
904
562
527
730
98
73
592
804
875
816
903
537
465
525
572
277
427
112
362
662
501
999
840
526
646
942
228
732
5
453
260
728
277
604
423
447
388
18
761
805
190
22
523
161
480
681
642
971
840
79
420
458
470
141
231
716
30
393
577
509
427
326
634
874
919
587
636
296
144
181
896
261
239
140
956
27
703
138
879
336
172
280
238
273
979
249
436
664
84
30
869
75
201
293
523
82
626
662
278
616
788
496
246
269
646
867
315
756
651
436
888
517
547
986
479
581
405
997
367
478
326
901
496
622
140
927
939
49
548
156
492
506
266
430
106
838
198
891
213
659
536
57
959
444
580
893
21
172
655
563
518
199
926
587
662
939
515
392
164
554
32
264
248
824
38
238
814
9
666
359
984
569
35
339
404
637
293
395
143
750
232
309
965
466
752
296
185
392
824
546
71
331
786
4
677
773
289
306
717
159
914
674
999
797
754
746
733
158
453
517
215
145
608
464
71
238
33
54
518
233
234
685
682
679
834
151
592
771
119
860
133
17
659
599
972
586
535
940
541
905
807
422
559
938
370
112
838
853
83
573
55
768
44
605
887
986
442
870
827
806
837
567
958
339
944
879
642
458
807
550
615
914
416
768
77
966
310
742
226
756
189
223
618
452
882
806
367
263
418
549
862
397
37
38
230
61
552
691
362
926
