751
4156
6409
1671
6429
3056
3460
7904
7667
4841
1791
6177
9793
2135
5757
6808
9755
7527
9077
164
7660
8028
4642
9008
5702
8408
8139
7757
9300
5392
4814
7143
8755
6484
6397
9959
4467
7031
3040
5711
1186
6612
7443
78
3706
4969
639
8466
5803
2197
7797
7318
341
7200
6893
9221
6092
1299
6248
2495
6441
4575
1127
6045
3399
6054
5928
1925
1394
9410
3955
5913
4087
4591
6111
4056
4176
2973
8619
7794
2521
8565
7567
82
7435
3367
6449
7323
6380
9551
1728
9589
3709
6953
4729
5484
6757
714
2109
3632
2321
9561
6242
2317
1467
4325
7599
4631
4970
6000
2459
2681
3467
1399
6555
1090
1389
8846
3892
9860
2655
8206
8035
972
4706
8411
3710
3587
6655
258
6342
9960
8749
6541
8581
6953
8170
8579
199
928
7757
8630
1918
1745
1024
3023
6971
9542
739
7207
9884
8718
8421
3164
4080
5420
2393
2161
8532
7573
7808
5801
2936
9684
1116
4069
2473
8674
3596
94
4094
231
3481
7763
2862
5349
7560
6482
4219
6165
4448
3893
3739
5004
9172
6955
5462
8036
9672
2560
399
5768
2412
1352
5759
7553
160
6489
5209
6294
2850
6643
1645
9555
6776
695
66
7832
1432
1265
5770
3956
4975
4201
6185
5005
2581
4510
771
7612
4429
1959
9844
3719
1486
6953
3058
3875
1741
6230
6900
2221
6922
8841
8982
2770
5460
1535
8556
5779
3202
5990
3072
2840
8410
4909
8009
5444
286
1445
1107
9803
856
6420
4883
9331
1304
5759
6020
3328
7907
350
1378
777
4782
4066
8149
2039
8752
9420
8717
1229
7268
7807
417
7038
4528
4116
6405
593
8109
5067
7784
1727
3045
6629
8632
6424
1293
3018
4315
5293
2675
3692
4430
6779
5764
1179
7649
2706
2868
5429
7467
6171
8747
4513
2160
5951
1365
4979
8024
5502
1134
1744
3506
9232
1839
2036
6961
9625
9583
8610
3378
5839
6584
4158
991
2656
1370
6004
6361
6987
7086
1609
9521
5933
391
7286
5578
2573
9934
2701
6879
1332
8414
626
3827
9280
5180
3403
1895
8075
9522
5551
2750
1818
4396
7354
9621
6774
2892
3715
3356
3106
1192
7138
4951
2187
7426
8427
9072
3153
6974
6993
3926
483
2044
2844
940
7705
9159
6424
217
1207
6804
3090
271
3294
7699
6785
6921
3364
2232
7255
1625
989
4535
1195
6851
4828
232
7789
7289
9803
7937
6429
5407
6044
525
5127
3963
6583
1269
3239
8334
9939
8692
2119
2985
7599
5401
1339
6973
5220
7727
6466
806
6536
2393
814
3256
217
6108
6686
4206
8306
5848
3648
4931
5357
5423
7040
3486
305
625
6171
4596
3675
8491
2768
5267
4317
1439
2565
8438
606
8155
1877
1415
4044
2110
3863
2183
1191
8876
8636
3314
2365
9018
5385
2325
7254
9992
4791
6021
918
7079
9967
4556
9582
4292
9719
782
8218
4641
3210
8261
1122
5708
237
7378
4674
4024
9772
7731
8307
2356
1417
8601
8037
3392
7483
5275
7046
7344
2100
3885
8653
1901
2111
4410
2532
8760
2955
6805
5299
1243
3279
7365
8968
852
6289
5863
453
6663
4180
3967
1416
4431
5628
1802
3522
1798
7972
5664
7223
8554
6755
4304
3983
3527
968
1556
7277
7365
7143
8820
5263
2052
9599
5571
3731
7974
1062
2121
8527
6942
2809
2203
9293
8614
224
6275
6463
3402
3560
8104
5500
2785
9092
8327
6283
9773
9561
5038
3048
9873
9141
2847
8827
8669
3159
4018
6338
6956
2613
3444
5835
128
6682
2019
5731
2791
1886
6773
630
336
8615
9287
3270
1076
1254
7619
5975
1824
4886
1870
4386
1520
2561
2561
4824
1617
2105
3112
793
5642
1836
7192
8454
6690
7330
9553
9109
3878
7191
8769
1756
5706
6183
4589
3420
8876
1310
2860
8152
1160
3811
5782
6261
8873
401
7895
8894
4662
948
1048
4062
7943
6669
7584
4659
9231
999
8360
8482
5072
6217
4316
7887
4808
6805
3303
251
129
4630
3149
5127
5572
676
8000
3922
1757
456
7552
3891
6222
9423
7486
5081
6584
7236
5093
9318
2654
28
6418
9669
5360
6885
2953
8325
6598
5565
8161
5125
1696
5061
6936
9998
809
4333
34
7969
4130
3987
4670
6857
1865
3009
8329
4030
2141
1991
1102
7089
1995
638
6034
2854
1002
2182
7580
9226
9784
4666
5436
9239
7152
8330
9953
1931
2869
5567
2707
4180
9489
1755
2402
6637
2926
3243
2447
9450
2493
2091
9320
9279
2730
6777
6413
2599
3513
3503
5594
6930
7530
4398
5178
8473
5061
2371
6737
646
4153
1609
7352
1286
846
3770
35
9020
739
9117
328
7274
1418
7438
9774
7712
5563
3958
7704
8111
9686
6937
1591
5505
1325
8248
6905
6574
6130
3401
9704
7990
8136
7613
6157
5809
2204
2749
1601
5872
1
3546
3090
5565
2584
8217
6449
7636
6537
941
3981
2165
2515
554
7802
2217
5850
8816
8591
6434
2611
295
3991
5460
3507
2285
887
5809
2211
7978
9734
6545
83
9026
3021
2910
8061
2956
4877
8711
624
8270
5069
5139
6000
8774
746
3774
9688
8003
3383
8998
7775
6452
358
7494
5069
2805
4204
4262
6530
4090
3541
3657
8043
8246
6913
9313
6073
2723
2793
5236
8007
7914
3104
3765
4480
9981
9039
4784
2683
1776
9069
880
7866
6235
9054
2633
5459
7624
6982
5111
1387
6249
492
6854
2682
8623
9563
9515
6390
8604
7335
8674
6211
5109
1695
7726
8016
8477
4933
888
5789
7143
5683
4011
1060
9392
3737
9077
5664
4369
8385
8307
7998
4303
1174
6966
9799
4156
8181
6276
5649
7355
1087
764
4151
68
5521
8659
7532
4315
4549
4875
8017
7565
8710
3882
6029
3906
2975
8172
3563
6302
5937
1921
4802
972
8456
3301
3856
4417
5089
2171
428
5381
3422
6287
939
7685
2596
6175
2392
3193
9703
7381
6571
6949
9549
8281
1117
5927
3348
6946
2312
4841
423
7886
8051
1420
2476
5347
2681
3992
2580
3656
6637
2867
8530
8429
943
4719
9412
6220
9078
2632
711
1316
9387
8811
6853
2755
6227
4930
4523
7571
6801
4508
5370
1504
1896
4661
5947
4254
8730
4301
6754
7655
1898
9963
270
7863
198
7122
9631
904
3646
294
9779
7753
5311
4996
1586
6600
1337
1177
8675
9991
7414
1289
5863
3660
9481
3397
9555
9636
7731
4833
7054
3185
6723
4109
2799
9082
9662
79
1026
9351
4851
8527
9587
3382
9091
9903
9722
5139
2169
8247
8968
740
4993
8644
8314
725
8217
628
4926
9782
2374
8012
889
383
572
8486
8836
2613
2076
6334
8698
6383
2421
6188
2245
216
4991
1197
7121
6188
1223
9432
9741
1168
8379
1046
6729
617
6877
6440
4158
2565
2100
454
91
351
4728
1878
8521
88
196
4497
8387
6449
8332
8931
5227
5377
8567
2846
1952
5851
4247
6424
840
3903
2795
5773
9911
2779
2735
5647
8403
4073
8506
3126
5733
208
7705
3627
8000
8683
5503
7660
1466
1200
680
8545
4904
7717
254
7814
3681
9438
3862
7051
3275
1185
5091
1811
3330
6850
8468
5088
7702
6710
5203
4623
7966
3806
4086
370
6923
1155
5507
4913
8730
2004
2544
2105
8987
2076
2589
6413
9328
6178
5506
5048
8280
2272
8799
8959
2939
2914
653
7298
7152
6591
7407
1656
2429
6257
4503
2592
711
3491
1781
2686
8498
9195
6445
8215
3136
8251
516
1034
1840
3796
9122
7336
9299
291
8990
5498
1664
2193
1530
6837
4763
6046
5858
9052
2143
9008
3693
6511
1755
5638
1284
9953
6858
4142
4552
9784
8654
7171
3228
7764
5120
9338
3759
9293
9917
5837
8078
3702
9427
7129
2150
9833
4915
6990
3010
655
5736
6671
2896
6978
3128
5454
7867
6442
5664
6944
2979
9405
5176
1656
5825
7864
5829
432
6278
504
8387
7769
8287
6286
3558
8291
371
2553
9689
8351
8322
7933
664
1564
1969
2239
289
2476
1867
1832
5328
770
3923
3538
1917
6969
2277
3288
2478
1976
2317
1405
8184
9430
2173
513
3528
178
796
1946
8871
5353
3575
3942
6812
6773
8181
9552
6008
689
5946
5993
1820
8968
6791
2603
8518
1497
6799
7935
9184
4386
1666
3696
7284
7666
236
9385
2422
9948
8321
6467
4935
5819
6553
1332
2795
3197
1203
7945
1386
6642
6302
4896
1425
1211
3988
9166
6958
2240
4250
2852
1585
3328
6550
6841
967
3871
1331
6141
4441
2302
2934
1114
3505
2758
2333
5099
4402
6766
2888
3221
215
2300
2469
1460
9472
2645
6536
5851
3087
7696
3391
2409
7410
2722
3277
1582
656
2690
9970
9757
5785
3778
540
1856
5815
8407
9713
4248
1687
5571
599
3854
1172
5361
3269
6917
2402
2508
975
652
539
4271
6811
8863
4353
9512
4975
5540
8803
5235
9792
9225
3414
4623
8727
4831
4535
895
4466
3600
1578
8627
2270
7095
610
4083
4309
8242
3392
8686
2554
5296
6503
8849
172
2156
3295
9339
4512
6052
5586
7219
9388
2180
7850
3733
2695
1249
4086
4263
8334
7638
715
5280
348
1174
7383
1395
321
9867
2780
3415
6078
1616
1099
428
8091
2774
8830
1189
9897
4211
7003
6821
3341
5151
122
6093
975
5506
6146
7220
7905
7835
9887
3518
3620
6318
1503
7581
3822
561
577
9743
4331
4823
7732
3733
4432
1190
7789
3996
5320
6995
7318
8227
5041
8155
4425
9789
8660
8974
6185
784
7869
4267
4217
1402
8578
3063
8298
6528
2804
354
1434
7731
7913
5153
5586
5805
4304
9721
6385
2408
9634
5876
9429
7833
1153
1628
5050
363
6967
6164
7894
3342
3722
9294
8219
9372
1349
244
8454
5664
3293
7236
7216
4168
9432
5788
7797
1070
4669
8153
9296
9982
987
1768
8259
3731
55
47
4202
722
3707
5441
3612
9308
3669
9866
5780
9310
7417
1061
7504
4255
6057
4974
2942
1109
2118
7418
1059
6242
7269
5327
2070
2206
6672
9003
9400
7706
9367
8176
9414
8622
1730
6880
2403
59
1168
3842
4567
1466
6705
231
8407
2669
3050
7683
7717
700
820
2704
3072
7720
8924
1639
7029
3832
3504
3895
7629
2139
6698
4945
2928
5909
6616
4327
2011
9856
819
9280
4715
8377
8888
2202
5037
5934
1848
8219
7714
6964
5769
6358
5085
2599
467
8078
1719
36
9973
4168
4958
6560
3330
6781
8012
5843
3133
5856
9808
7126
6558
9596
1301
6018
9822
9795
6763
9706
281
3240
7295
2530
1718
2338
2974
6571
2361
7882
348
1049
3477
9149
6731
4204
4159
8507
4519
4220
6440
6556
1461
5777
924
363
5345
5780
3443
7859
3007
3475
2828
2652
5720
5913
7512
4162
7303
6730
4633
9593
7473
3863
3064
5440
1864
7071
1234
3854
721
9183
3064
8459
5649
3638
1755
6424
316
9988
7325
5561
5227
9330
5619
6495
8972
1994
8212
1928
2525
9585
4556
2917
4073
7267
3221
1222
5779
4774
887
7377
8287
1251
394
2146
3780
5573
9514
9419
5943
578
3416
1184
2040
5205
8767
3826
1268
8471
1384
1436
2501
2841
9948
5560
1893
3382
2417
970
907
985
3943
8792
2216
2247
2704
8523
7488
8906
163
9878
378
6898
1396
1609
8274
8843
7096
3155
9423
186
5191
3392
1935
541
2803
287
6583
8232
9443
2303
4936
9857
3508
5236
5842
8496
8820
3395
3591
8745
6257
5321
9258
1807
8301
6025
1609
7385
6531
379
5789
8355
1458
7033
9972
6080
2069
5058
5146
2707
5594
1954
1717
9591
6749
6839
2277
5674
4801
7746
8061
8776
9462
66
6
4821
5376
6664
4860
664
7126
5733
5116
2268
3255
5497
2535
3862
3474
3083
2807
2383
9449
7177
8010
7434
3448
1638
1603
5437
6424
1703
2884
2855
9442
9134
5039
5667
2983
1197
5319
3787
9172
6710
437
8820
939
6516
7809
4266
1561
1552
2878
1150
9151
8475
3854
7529
2642
2936
7749
5832
1692
5021
521
5537
9282
3267
6011
7075
1209
9914
8756
488
5455
4566
4744
2121
6396
4507
7118
2394
8575
5435
2087
2557
6571
4127
2582
4859
2077
5344
8414
1388
1272
3336
9176
6483
3306
423
7103
1873
7396
47
9319
6108
5519
5819
6108
2588
647
4245
1666
4461
1562
8829
6272
4249
4778
859
3532
1779
6812
2453
7821
8213
9121
8306
3633
5523
9926
3442
1796
5044
8502
8173
574
5904
9865
3386
3333
3901
2823
7561
2702
7456
8301
9113
3246
4923
5315
3798
8711
9778
3117
7280
8347
8802
4323
6174
5557
4627
2545
9948
1979
9510
4486
565
7641
9280
3222
6214
7593
1246
7307
4849
2122
3004
3466
3252
6002
1977
6420
2098
2804
2689
8535
844
4152
9153
8054
9106
3665
4472
7952
9790
9282
7194
6233
3559
7749
7822
7192
8321
8036
2965
6677
258
7528
8338
6515
2030
4597
7475
7774
9628
5694
3656
6232
1925
6741
9165
7375
5444
8069
2839
6275
2621
4907
3510
395
972
2108
9259
5497
9407
9166
8466
680
987
5039
7718
2120
8747
5052
99
1802
9530
1754
6813
2143
8216
5486
7220
6735
2067
7314
7007
2757
5264
6986
8472
3425
7182
737
6834
1381
8873
9023
5966
4788
4299
4583
5593
8923
3993
7208
9543
9441
9024
7624
7931
2203
5729
5593
1224
7227
7511
6111
8298
3608
9395
9902
9345
7694
7487
988
5287
2529
8787
9781
8379
8311
595
9693
4239
1524
3122
3900
916
9821
1208
6356
2503
4249
5926
5798
467
2729
4284
5118
3311
2960
4880
2101
474
701
8023
6900
2360
1400
7799
1080
3699
630
5251
1906
7556
929
1400
7801
9456
4310
3130
7577
7745
8022
6364
5750
2495
188
9099
7318
1997
5151
5317
3103
6817
6857
8221
8943
6249
1831
5095
3812
3469
7964
8211
1327
5526
1561
7021
1047
779
8226
8804
5556
6040
2320
4930
9807
3373
6572
1019
5511
3943
219
1539
1667
4930
8364
8984
471
4020
6828
5497
4243
2359
1626
3872
4872
2283
508
1283
4652
1544
9173
9096
1998
8607
246
3311
8476
2765
4965
6618
3474
6257
1313
7594
6959
768
4287
8797
832
7968
9377
9269
7252
7181
2010
1516
7824
9921
3989
4493
9339
788
2405
3817
4920
6558
1061
6830
1905
1374
5709
6203
5632
8850
430
4320
5006
6719
3351
3546
6956
3908
4127
6981
574
1989
629
6021
3217
2616
3368
8245
1048
3803
1817
9590
8158
4571
9880
1222
4013
1650
7147
6931
7638
9555
5308
518
3100
820
1265
1606
7009
5771
78
325
2624
1982
9837
4753
8820
6100
319
9727
6541
3422
6946
1336
4863
6973
9605
8607
7365
6027
4959
2962
6575
4869
9686
1204
7987
6140
8856
33
5082
9497
459
1808
3086
3249
1293
2605
4030
1635
4920
5684
2225
7226
3987
7260
5604
8013
9625
1377
5749
29
1413
1483
8351
7185
5853
1676
5516
8214
1618
5291
300
8356
9553
1470
3267
1588
5011
3959
6710
1589
4044
5944
1657
1184
314
2684
3715
7557
1684
3715
7282
2529
2844
9152
4814
6330
9490
6178
4618
2255
1902
3519
4484
8833
8795
2844
8004
6890
5815
6913
6239
6965
4327
4773
7116
8476
429
3401
9622
3314
400
7662
3146
7543
4958
7306
6502
4664
6724
3765
6655
6238
5086
932
7867
1868
774
2584
908
2258
2940
6341
8881
8491
9583
8793
7187
5607
9141
4490
4479
2567
4582
8858
4549
8283
5372
3016
4422
3646
3727
6351
8831
4196
4953
1949
9639
5873
4623
7290
3994
9496
814
1543
8749
7429
312
6782
4203
2893
3182
9155
3025
9066
6799
4347
3148
4481
6076
1503
4099
5896
7896
1206
6276
6648
4311
4675
8862
2718
1075
7325
5554
1608
4661
8877
8845
58
3890
9833
4593
4804
0
2164
1970
468
4822
6565
1418
2844
673
1722
5989
645
4472
4853
5163
9709
6039
9299
4544
951
4543
3478
9968
578
2532
563
1357
3864
1766
3610
9604
9931
8663
2772
8587
4987
7898
3809
3228
716
7555
18
7282
9649
3903
5332
3742
5943
905
5188
1012
142
3042
8407
9356
8475
8520
9557
7401
8371
8594
8537
4749
2273
5964
6348
8623
35
3451
3870
2146
9469
62
2947
2285
3499
3957
2718
3731
1271
3670
4982
703
2615
5238
2345
7988
2565
9445
5695
3924
8882
1752
9899
2299
3725
9384
646
3548
777
8463
5663
4962
7184
181
1889
423
9840
2865
3600
6670
6518
8358
5762
4253
4532
7695
68
4706
288
1162
1318
4558
6171
5612
6198
2483
6806
1895
8721
8189
2066
4536
7994
4219
3357
8819
4748
4905
3409
8758
4659
7055
628
8577
8163
1883
8675
4332
5132
6127
7134
5309
2181
9381
7213
239
581
7310
7605
8886
8730
2969
6712
368
7735
2903
8609
9482
4642
2650
6649
3341
1769
1262
1853
4386
3823
4719
6743
8750
1584
9245
1259
8716
3063
3633
7220
489
6015
4906
8490
9728
6724
2
1226
294
5870
1555
5727
289
4844
6667
194
9750
6938
1284
8686
1929
4040
8297
3822
8129
928
1505
4596
8185
8864
8348
2380
1034
5364
5133
768
4108
7179
1582
8202
3659
4902
6264
7017
5068
4587
6361
9724
8078
7813
6144
9485
2641
1176
4012
7350
5041
2122
7340
6307
1468
382
9556
9179
6543
8470
3519
1349
9638
1107
8486
9710
7072
6227
5534
6498
2541
8537
4819
4719
4906
3295
7480
2241
3746
6725
7569
8495
7405
5655
2492
1268
9897
6724
7561
1672
828
1690
3729
101
5912
8703
9607
1659
9265
6550
3650
6416
7087
2999
4327
5659
8366
8478
7548
9040
1691
8390
5794
8953
5441
706
9803
8828
6237
4724
697
7801
3428
2834
7495
1978
9378
308
2143
4673
6542
9155
5775
7282
9897
3358
1330
7448
4949
1519
7334
7507
3862
7181
4182
4092
1012
1546
6178
8778
5270
3036
9804
8088
7831
114
101
8749
8943
3715
4924
5778
2286
6445
5611
9554
384
189
5155
5214
6678
1281
1002
8568
2258
668
1566
549
5593
6827
8678
8522
95
9406
3183
8692
3523
2988
8545
9177
7117
8683
7405
2442
4493
2702
1728
306
1242
6017
6933
6054
4105
9642
8029
6164
9268
6761
7297
3862
4831
8350
9821
3731
1648
9901
7453
3117
3186
4360
9115
8656
6741
5808
683
1365
9284
2602
3504
9273
9641
5680
4442
9857
5684
8611
4028
5821
835
5136
8809
2694
8860
367
1225
6358
552
3602
5526
4237
6039
3981
7843
2899
4240
3202
8684
4138
8127
9672
7062
5895
8207
5107
8571
227
5064
7274
1514
3547
116
6005
6305
9475
7068
4476
9031
2372
499
1199
378
217
8148
5365
2009
4220
1071
4834
1407
5208
8460
9416
530
8574
5343
1298
3282
7946
9989
1106
4800
5356
5153
723
3244
7367
8813
7478
9754
465
5645
2746
3781
9973
8215
9648
1611
8007
2597
8924
5036
7459
2737
8235
3821
5588
6588
7634
2586
9194
5865
8608
8598
4802
9126
7124
569
1375
8178
2907
6891
5926
8241
703
9030
6617
2802
8998
5801
2919
654
5963
5267
1783
1181
8585
7934
6214
1327
1036
4432
7557
500
8970
7238
3471
7939
8329
3856
9682
6487
5162
3012
8785
760
596
535
25
4470
2252
2026
5548
3086
6244
5759
6124
9328
7033
8345
5344
5941
8266
9344
4539
999
3951
4386
2613
5215
8763
2277
7226
1677
9412
7524
4280
3226
2892
9069
9167
5154
7881
6100
4031
630
2588
4855
8052
2322
5278
5575
4966
7929
4334
7513
5582
1164
4126
9228
1201
384
2827
499
3969
6615
2307
6790
884
344
757
360
5363
7662
8269
2982
7324
1466
4721
8831
3084
9636
166
6953
8463
4212
3686
702
486
8808
6529
4978
2319
6789
3815
4355
5219
8812
9659
9464
369
1667
8154
83
8685
9729
6620
5893
8601
3487
108
3925
5054
1891
9936
6779
5137
5560
6268
2530
3400
7849
1310
6004
1282
9269
5713
3977
1920
6224
2046
5958
8649
8948
9953
7942
6358
7775
9551
1852
7642
4086
7309
7292
4714
447
7735
2283
6095
2195
6993
9615
3910
5281
2990
4848
3941
8897
4169
7235
7792
4284
2413
9202
8122
8872
8860
8287
7511
185
3384
9939
218
9527
3813
574
1451
4862
9346
1290
1374
1326
566
8625
3991
5550
3663
3365
4826
4516
7180
8661
482
4045
7370
7479
1001
9628
7626
5572
5670
3477
1933
2696
7107
5429
582
3514
2192
9396
3040
850
3354
286
2682
3497
6891
2619
9490
2486
6445
5396
9173
9751
6009
1999
4268
6990
8853
5751
430
2355
3468
2295
1062
3720
687
9455
9558
70
8760
92
8836
4839
553
2407
3329
8659
5798
7412
8461
3024
146
4567
3115
1585
901
405
4528
6411
3815
6303
9102
8199
842
2282
273
1720
3979
5263
6790
1901
6615
7402
1218
8742
29
3552
9876
5849
9511
9723
7019
1070
8056
5478
294
8306
9052
1723
1093
3702
647
1037
7353
7652
6079
3817
1023
3104
3552
9342
6887
5221
1524
8002
6208
6361
6263
2105
2044
6715
183
4193
443
773
9989
6766
7331
6310
4860
2141
9446
7471
1881
2374
4959
6736
1514
3516
810
418
6370
9798
8551
5767
9040
2608
6970
483
4725
3424
1592
9309
1589
2291
6892
6916
1962
1859
6567
4470
2984
8821
3634
8148
7684
3096
3608
6979
8740
1724
6186
8444
8643
574
2109
4001
8052
1638
9309
9704
7785
8112
427
8976
6991
1092
872
6893
6797
7328
9361
4943
301
5428
8362
6679
9504
1469
1020
4323
8350
2890
9667
8862
9450
9031
5651
9815
2032
5423
879
1048
8309
6866
1580
342
1538
5110
8521
3933
1877
1654
8136
6408
9954
7327
5687
4890
6405
5993
9008
6039
3156
7558
7134
2688
7661
4494
7147
2412
8403
1767
4738
2608
3996
6028
7189
135
1534
4416
6038
9295
8006
2444
8416
618
5831
5873
1927
1529
4436
2730
3902
4109
7776
3405
2128
423
6985
5449
4697
4055
50
8981
7135
5730
8409
1605
3720
892
4040
7448
9460
1263
114
6369
7369
8769
6856
6439
8295
1236
5187
1316
5351
2455
1157
3751
1498
1176
3487
5107
4097
3855
5861
3127
1014
850
5279
6093
5976
9163
9530
7110
5891
7183
3985
658
2865
7725
4325
9375
4708
3625
9386
9799
1528
9128
6016
2985
1840
1085
1461
7789
20
4937
3208
481
9314
477
7296
6233
7044
3970
5213
2023
9688
5938
6312
5703
9189
6093
9538
5001
2203
7494
8669
9827
3228
6276
1699
6256
181
571
968
3488
5180
9367
1344
9111
9307
2038
5926
4872
7768
8721
7477
7157
7033
9403
1407
9936
1190
3048
4279
7561
6724
8645
3888
4051
1457
574
572
417
8248
1779
3388
5953
4992
6016
6674
1204
6290
4515
6087
7850
1635
1128
2344
7578
5551
940
74
6829
6141
5877
7849
7242
789
3320
8368
6987
6813
2258
540
6727
2610
6888
2045
5126
1644
2325
7240
6583
7638
6397
3148
128
6276
1010
3982
56
6428
2179
9363
9441
6677
9721
7303
6678
8830
48
6635
7385
8509
4527
8887
2095
1009
5960
2347
9365
1727
1924
3478
8497
2358
5124
1927
2148
8825
4617
9660
4079
2252
4505
9785
5764
1543
9660
6686
3547
7490
3718
9545
9027
1447
100
8367
9773
306
8291
6816
9272
1489
5636
3193
3413
3608
3170
8257
3196
1636
9765
491
3635
8544
6087
1566
4033
4933
4846
904
8002
4107
7874
2748
1480
5467
3877
395
7754
9746
999
8299
136
6979
1279
5431
5509
9415
2203
713
8826
8163
1593
1119
3980
331
6360
4980
1342
4592
8359
4705
2767
9495
3706
1318
3320
9153
4213
8755
191
7680
6495
2940
2852
4298
6414
9468
3989
7394
9501
6632
5070
5861
119
1482
7169
2735
928
8764
8610
3715
1683
8892
9604
5594
4712
5576
689
1876
1888
6319
7705
8169
9174
4736
2446
846
5857
8064
2622
18
9177
8559
3553
6814
7181
6423
2546
3690
9783
1724
9011
4017
7292
4066
4432
4465
7368
27
7385
4185
9905
7801
2999
8877
2095
6172
6216
5139
1586
9801
1665
5881
65
2452
4262
8231
1405
7336
8120
2494
4797
6396
3258
3742
6187
388
9389
5503
573
7905
5967
7049
3564
5588
1594
2487
6252
2626
3060
5253
8332
1349
8499
7465
4652
6649
4635
8338
5025
8128
1688
4983
377
6118
194
4531
6399
7609
2931
9043
9644
3438
7697
8210
3335
9476
9501
2201
382
531
5775
1129
3635
1113
6928
7300
5054
2637
3108
1015
7496
9835
9790
2912
8678
1655
2619
8276
755
5835
6799
6440
8097
9212
646
4856
7290
1564
5422
1211
2525
5694
1669
6537
1876
5542
8381
73
3355
9259
1645
7422
8950
7973
9384
7255
1049
1453
1705
4005
9572
407
8367
2519
5599
2352
1981
3979
2714
9741
5551
7018
7037
8963
1776
9412
9544
11
250
9615
5663
9294
2211
6979
8549
3349
3778
6814
6300
6587
770
3306
5585
1853
5409
4708
6269
3592
4243
1042
5919
7467
4007
4801
3145
6056
5700
247
7856
8374
2426
5136
7086
6344
8142
4118
9539
3888
3804
1060
5503
9992
4520
4018
5045
4649
5725
5498
2854
7357
6858
7028
2998
7243
8650
850
9630
2226
9701
9500
6692
9882
6722
9816
5408
5478
2175
5696
2240
9139
8014
6079
9215
3694
2957
6935
2810
6076
4722
2098
7500
1119
4833
1627
6633
1007
5013
727
1224
8089
6093
1468
4494
901
5846
9067
1741
492
3642
3358
4497
7774
4787
3725
9590
2313
1465
8364
4036
6016
6334
4846
6888
3680
4839
2205
6610
2581
8194
4344
5491
8383
2502
5176
516
2298
9902
6804
3635
6653
9882
9362
6851
31
3913
5487
480
7532
5234
5239
4031
2013
308
9934
1162
2795
6878
7909
2377
6304
4187
8045
874
8375
5525
9401
4452
5409
3321
8300
6202
6275
8427
5901
5527
6293
8576
8234
929
7599
2980
6457
1255
7677
9711
407
2974
7215
196
8651
3839
4857
6332
1715
3464
6188
1241
3604
6133
3512
5861
4135
3680
8751
2964
7064
7024
4049
9997
5808
7209
9378
6309
369
9536
8190
7397
2641
261
8003
6540
9333
1602
9010
9530
8306
960
3573
1094
1006
1304
2344
635
5062
9739
5408
5469
2251
9645
6063
7945
5692
4291
6314
3512
7332
2903
709
2245
7310
5173
6436
8516
1451
1331
8769
9847
2562
1951
6629
7154
2061
5048
1500
8633
8570
9939
4575
640
6232
4253
1981
4212
1314
542
6422
124
3203
7604
5875
3607
8752
3078
351
7971
7322
7646
7299
4598
4250
4712
7056
8666
7373
811
6753
4916
6755
3880
7740
8837
3169
8615
6098
3230
3312
8582
9546
4484
6163
9187
8867
1728
3119
5465
236
2634
6694
8422
1760
5420
7707
8594
9450
7639
9583
3103
3327
1327
8173
144
3437
6806
9312
5846
5418
9117
9097
7556
1028
3733
9993
144
523
6435
2994
9166
9924
8213
3105
1131
6021
5993
848
7866
4955
7468
81
3406
3116
8021
2591
7411
183
4412
6000
5504
8587
3356
6033
7359
2718
7595
7409
2417
7386
4972
7546
2700
8778
6510
9822
3687
5122
2649
391
5603
8606
2985
3955
8202
9834
2636
9391
9974
2487
2319
9036
7118
5286
5682
5222
2421
818
5842
4688
14
8291
6443
4388
3637
133
8526
4817
8388
1073
5214
1805
3106
3507
6730
228
673
9112
7279
945
3939
5643
7373
4840
4599
9915
2437
9781
5501
6041
9240
9054
8650
5834
8268
2121
8509
1856
5713
7650
1773
6615
1264
319
7588
8296
5416
5131
7429
6812
5327
6743
4172
9760
7831
328
3034
1919
7575
2547
9699
1881
2277
9993
6122
9334
7201
8056
955
4273
2956
6486
1594
4020
5722
2175
1221
1388
8764
8698
6320
9581
832
4689
7755
2212
6554
8987
1241
6927
6504
9065
2458
1734
3406
8663
3750
3423
3717
3811
1889
4850
2390
8840
3881
7276
9139
6109
8111
9081
152
6478
4229
7909
7440
5406
6627
8671
4570
6186
2086
929
9864
455
3780
4062
1569
1915
8712
6581
6323
2680
9725
6728
7413
2350
6720
2416
9099
4365
8120
4395
627
7175
6384
6827
1627
7771
21
4536
8108
8086
4455
4669
1796
3424
3124
4847
9587
6494
2552
3481
843
1841
2114
5502
9148
1054
3221
5137
2944
9263
1585
9880
5311
3785
1135
649
6180
8811
5875
8467
765
3875
5227
9019
7390
7387
3789
3001
6161
6290
245
7053
3376
569
2696
9939
2002
7756
9472
952
3273
7768
6188
1333
560
700
3016
5676
7374
1611
5847
6317
3129
2494
1898
9501
4053
6510
4000
1754
7012
6491
301
7603
3923
9966
283
7906
3456
6210
2557
6931
448
9183
9611
3134
3413
420
1953
1719
3768
5216
2867
9026
3789
7040
6251
2361
2500
9644
1145
6078
3307
3915
5024
9425
8029
3391
5650
649
5404
4128
6128
987
2385
8283
3024
4680
6398
3652
3684
6000
8219
3182
9957
4172
8542
7408
9708
1135
1903
9508
2919
4671
3485
3920
9414
1639
2377
1477
8976
2729
9573
3212
9900
9082
9092
7977
6253
1667
2082
9492
765
4527
3947
6088
2958
5639
8146
4739
3204
1889
7822
9626
7937
9173
3752
4420
9614
2410
5979
5885
6652
7919
5587
5258
8983
3307
893
8019
9411
5766
4176
8819
9025
7281
2038
4570
8115
2060
9288
9603
7747
7092
7312
5585
6721
2536
1413
5076
9082
7880
4474
6762
1412
5359
6385
526
1629
9460
7331
6591
387
873
8009
6048
6638
5515
1561
6428
6858
1896
3658
796
295
7591
4972
4006
3443
7312
8101
6784
1801
3944
2185
990
1842
7162
5657
8296
9428
3033
2924
1483
500
807
8003
8555
1249
5847
7915
2055
5635
6042
1834
9630
9462
9504
528
4481
5185
7081
2915
3953
5715
8493
6697
2870
1538
3437
6778
8997
4098
2665
6087
4808
7853
4503
7030
2204
7725
3733
4339
5081
3966
3230
3653
4641
1472
1439
8047
7017
7717
484
3192
1616
8936
7776
7307
7326
7835
9226
5754
4864
9786
4528
4462
49
8560
7939
7215
7876
5887
1027
1547
8104
5866
735
3371
1090
6987
9945
6873
2535
5970
9079
1775
3310
294
6615
1161
9495
6041
3545
9456
4560
4494
7387
6789
605
8169
6710
971
8478
1636
2790
5573
431
9427
1911
6421
6301
8700
7209
73
3893
4512
1392
7840
2622
5942
3409
9040
4577
3684
9005
1432
6684
1970
5123
5235
9405
5825
3856
2060
15
8684
5123
4147
2178
8932
7783
9146
2128
3604
1782
2636
5600
4082
5303
9839
313
9750
96
2600
3177
6520
2434
3338
1646
586
9741
5933
4811
873
5917
104
5318
5343
3744
1413
5197
3435
4222
8575
2677
9271
6832
5138
9073
6472
5949
8346
2851
7751
4043
4824
7230
7776
9742
2632
3479
4766
9073
2886
2518
8660
7968
7882
6058
1686
721
3168
883
6241
5503
5036
3542
7615
1734
349
6880
5067
5785
5112
8829
8732
3699
7836
5485
1983
4510
4599
6745
4749
4391
9070
9576
5983
9774
4485
4339
3490
3402
1294
2320
7526
4596
8411
5603
7436
951
5238
7415
7758
2434
2182
5788
4658
3365
2803
8000
3955
7334
4732
9926
2251
5503
9560
2120
4400
6915
7271
9398
4551
5033
8995
5688
6776
434
3988
9371
8924
7633
9364
4142
6106
4522
4003
7625
9841
3294
4758
3198
6171
3376
533
8147
6647
7825
2755
1527
958
338
5019
9632
9058
7304
7148
7275
934
1240
264
3447
8660
2552
3954
1294
1257
7263
1916
4939
6570
6200
9872
9158
2753
9468
1070
9527
4064
5138
4293
9515
9896
4341
4957
3031
5354
6681
4646
5646
9742
3406
7296
6074
8556
7684
4851
8817
3610
6886
7407
8419
171
4405
3212
9049
7772
2894
8381
3693
5231
7863
4156
9931
4266
28
6330
7760
222
6667
6615
3820
8916
5731
5217
4649
3869
2070
4895
8814
3892
9424
3321
1534
1045
1412
3118
368
8160
3808
7597
2663
4372
4349
4973
2387
7222
2118
3637
6019
4610
4271
2153
3045
5685
6783
9787
9838
7610
3370
5396
4484
7942
3364
8980
5716
5928
1461
116
2703
4902
4532
8786
2222
9905
3448
4443
4412
4911
7863
5474
1840
6334
3877
4411
8247
3182
9161
6907
5452
8088
3953
1265
27
4427
8198
8163
7360
530
4943
773
5996
9422
1848
4105
1492
194
234
798
7687
5932
685
913
339
7123
2466
7081
2439
4693
8292
22
4813
2787
9533
204
5346
1896
4543
3041
533
7606
5075
7899
8159
3641
2470
1404
3536
3398
9985
2932
742
1022
2744
5706
970
4651
7214
5408
9284
2421
4938
7044
7446
8891
866
4066
8545
6391
4570
3884
7410
550
2129
6026
5455
5403
2315
9489
5644
1804
8434
2850
3820
2174
5861
7496
8186
7895
5822
8307
8616
4246
4582
4551
1724
4339
3512
9103
8137
9082
8442
8147
6723
2814
7373
5047
3147
3557
2629
7241
3391
5939
6363
8257
3415
4208
7269
7462
1405
2258
8345
689
8843
4330
8229
6193
9122
1815
4265
4568
4
8690
8264
6852
4073
7654
3306
1876
8697
7173
3877
4279
6108
753
7892
8689
3505
4368
7502
823
8901
4507
7659
9223
5612
3962
8758
1258
3685
929
6958
950
8939
433
513
9655
9096
8948
1653
5920
5646
7485
4779
3384
9275
1540
7195
7545
8133
8965
1915
6299
7160
2773
3746
7399
8161
222
2228
3646
6817
8801
939
5896
4381
6275
1703
4832
7582
1081
2550
2920
7813
6762
1499
5278
8179
8366
9964
7154
5862
4978
8471
5108
6492
7079
9832
7674
7745
9427
8505
9532
2807
285
8559
6209
1492
3816
852
1096
49
2021
4974
3180
25
5190
6618
8197
6145
5440
890
6897
9674
4497
1211
7597
9097
5613
5705
3080
8681
8804
1878
3948
6274
8476
2595
5558
1173
159
5612
7926
7243
994
1520
9375
8658
5054
1969
4363
8557
3877
76
2469
6523
4893
8745
166
8333
8254
5648
8687
8176
1354
4406
5276
2505
8312
1406
5092
2932
6267
7917
7308
9465
1252
2650
1406
9368
5884
2886
6899
9107
4952
4754
8615
4286
3294
385
8360
847
5624
3629
7625
8623
434
7473
4530
6119
9744
4377
1254
3536
2393
4368
4310
2306
4226
2515
4156
7577
7305
5435
2625
6896
5614
2336
2569
271
4093
5660
9154
5490
3294
2921
6114
3780
3415
4229
6732
177
8556
5167
3807
8888
5399
555
3976
6171
5794
3587
8644
5892
6690
6890
8176
1411
4608
6627
8999
8698
6794
9917
8023
5802
8529
9739
2183
8974
2394
7843
7925
6418
6747
6378
3570
2484
899
1738
7208
4303
9073
5198
7367
882
2858
6572
1960
8221
7249
7628
3984
7445
1913
2462
2248
8399
3712
5595
3809
468
952
6145
6156
4804
683
190
4626
5971
2751
3086
5512
9878
2389
6475
5631
7212
9869
6112
5700
7741
8975
9985
3748
7422
1690
4770
8839
194
1245
149
6850
1499
771
8320
6233
8240
7082
1879
3229
3
241
5801
8201
3153
6983
9718
8306
8443
8334
4250
1584
2542
9490
2477
6521
9345
9349
8557
3687
211
7720
6808
3228
1719
1976
4877
9703
5370
9998
1117
952
9159
8047
8910
6309
1316
4241
3904
2874
5987
3982
6391
8522
1931
1295
3172
2736
5462
599
8023
7428
7222
1360
4222
5553
5543
4588
9437
9613
514
3736
6011
6462
7057
7479
271
6318
7770
2783
9025
4900
2834
2466
4820
11
3152
4771
3254
4990
4731
3188
1505
8451
4818
159
4301
1576
4985
2189
7367
8890
9348
97
2943
3368
3502
6270
690
5044
8551
1137
5625
321
5807
919
2633
1388
2390
7678
1304
7227
358
7222
2781
5381
1463
9545
3605
5247
2414
580
5494
1150
2275
4113
1416
9279
2278
733
6903
9909
8759
2108
5410
7212
6873
8575
171
8319
9214
7042
2577
8645
299
8130
7424
5373
4019
9143
6365
8784
5144
1458
7408
8889
1783
4703
6951
1925
4928
5629
7640
8913
2582
6955
9116
4293
1661
8957
5621
5747
9651
3620
3804
364
2195
5002
4562
7578
2157
1242
6207
680
4151
55
6410
493
5570
4627
7305
9398
5968
5393
9907
3990
2320
2435
1149
1383
9125
5644
6121
3850
479
4225
378
6077
3668
151
3217
5523
1514
1186
4061
5335
1440
7238
4785
8023
7315
5912
1697
987
5298
6116
2730
4124
5105
4675
968
461
2437
3190
8709
3361
8186
1918
9386
3144
2309
1720
8448
1501
2260
1579
4260
9945
2689
7696
2443
457
4888
936
3143
837
3996
3942
8017
6805
2495
9929
5044
9468
8342
3845
8397
3755
7030
1528
733
5942
8298
8450
9855
6804
6153
2473
3614
117
5073
2277
2002
8533
6293
7182
3642
467
5883
242
3326
5977
390
2229
6047
642
6594
4126
3487
6915
1146
7151
1570
5759
3097
8290
9002
1424
7122
7764
8829
59
1102
9339
8065
3724
8811
2221
3367
7301
4687
5102
5267
8571
1857
8106
6145
5133
8662
5669
9410
348
2653
4250
1559
2079
1122
6740
2603
7280
2903
8276
9910
2968
7691
6695
5181
7097
335
8399
5939
3496
8245
5576
4885
9040
8891
6081
3842
9334
5779
1391
9436
9009
2087
1561
878
7909
3970
5610
4170
9229
1569
4224
5118
4585
5242
3507
4469
2873
992
9678
5572
5431
4128
7818
2674
3178
720
6388
6779
1371
5735
3529
1690
8628
6682
7696
4309
4737
8399
8961
8011
431
8695
9197
8451
8935
942
8294
3200
9658
8954
3208
6071
5299
7550
3334
5106
7054
4019
9551
8422
4804
3383
8028
1550
8366
8234
1346
3756
3496
352
1444
1647
443
8758
2450
1621
7144
3746
7831
9133
8561
3934
9769
6514
4085
6653
5186
3386
6269
5412
8927
2441
5427
9354
596
4927
5402
8630
3444
729
8976
2933
592
634
6330
2364
8381
3141
1896
6526
727
5896
3521
6069
3310
1136
2615
6822
3851
2312
5718
8948
3508
857
7122
6786
3426
3238
4952
8822
4162
3344
8197
9151
8720
7999
8734
2515
6509
6779
7581
4600
5325
6375
5437
2565
5551
4731
4409
8065
7065
3388
6859
5657
9949
146
4221
7713
4309
2982
5862
9637
6516
3534
3818
5214
6457
6652
2900
2101
8242
8471
233
6112
6788
1634
2141
4681
343
2941
7817
6725
4286
2793
2786
6608
8432
6177
2120
1008
4713
6004
536
2416
5137
8269
6431
58
9408
801
8845
6537
8906
1059
8995
2352
5519
117
7033
9581
5048
6925
5929
9311
1322
1850
9099
7586
1214
7693
3701
4382
708
3377
4710
9318
3218
8944
3918
1433
7270
1812
6047
9973
401
4205
673
9185
7654
7177
8995
1146
6664
8224
9765
6186
1676
6686
5871
1235
7360
2415
8258
8335
8280
6097
4198
8904
2120
4278
2495
969
5473
3099
5502
7598
9421
9094
6036
983
5411
2879
537
1599
2737
9277
1564
9634
3528
3712
2306
5435
9151
3847
2443
1030
8600
2045
2285
1466
6407
8109
5415
2442
7625
5030
2322
2922
185
8599
9349
3571
1564
5733
2992
3304
9094
1919
9504
8658
9533
764
825
7078
4599
259
6939
5925
4780
5788
8228
4647
6708
3039
8668
1716
1385
3736
8769
5726
7464
7048
4068
1512
5536
8450
1667
2344
8804
8598
5993
9466
6384
1298
7616
3968
3542
4542
1265
634
5907
7582
4943
1888
8180
8299
9923
8160
1845
970
1035
8443
4379
8126
4564
4947
2274
5017
733
1081
7610
3213
8599
4066
6078
2444
8251
9640
5032
1313
6609
8999
3121
4115
631
5158
5401
8833
1077
411
676
1219
398
3753
5472
1181
3528
8041
5723
2250
4353
2560
3005
5987
2757
1469
5222
8077
1158
6278
1604
465
5372
7624
761
8974
432
4964
2597
956
9881
7494
7927
3955
3482
128
7213
7482
6641
327
5438
3058
5421
6954
3878
8650
3217
5939
4105
7587
4996
6303
4677
1954
2602
7789
9564
2507
9912
7436
4809
6891
5926
9303
899
1750
6618
6298
4915
603
5132
6181
4698
2821
7846
3120
8373
2411
8559
3784
2477
6667
6232
3288
7813
5949
2566
9715
402
702
4242
4779
4732
5314
1616
4088
7297
2544
6438
2194
1209
3146
3465
2058
3204
1606
386
3435
4036
7019
1451
2465
1031
8148
8590
7808
1317
1151
4225
5278
4335
8876
3159
2669
7795
2961
5480
8119
4187
6203
4318
2318
9468
4128
7895
3135
712
8506
2862
116
4640
3157
4564
4296
306
9004
8991
8406
1768
5242
9202
8463
7239
6429
6879
3121
8205
4003
5098
8859
4870
9274
1356
601
821
4432
3641
7516
5305
6655
5435
521
6833
8456
7249
9346
6701
7569
557
7609
1856
5689
8629
7128
2045
2918
4701
1677
5298
6923
2638
2989
4824
2697
6655
4409
6998
7797
4425
5109
5660
7374
7895
2205
6484
4047
1637
8721
606
8239
5661
8281
7550
9955
6942
5740
3032
2043
7814
7663
4949
9482
4094
5519
3266
3701
9955
2772
2916
1719
9970
8656
1901
8082
8669
6749
3139
3403
4119
3486
9611
3988
6352
1424
2033
2145
9144
7576
9205
3631
4880
1706
3699
3368
7886
8841
4585
1236
6538
7539
844
366
61
7229
6071
1478
8537
7175
9927
5441
8015
713
960
3784
1685
9321
129
4455
3060
6328
6577
4745
7742
648
670
7364
4095
3824
683
6839
259
2330
6405
1243
2500
5301
5199
121
3694
9903
7424
530
8269
1510
5504
897
6129
6481
1021
7862
9450
8426
1172
4573
6409
9539
4293
1194
1178
6550
8656
2879
4217
362
3954
6164
9927
344
5063
2752
8264
8700
5391
4461
2218
9226
3284
4746
2780
264
539
4879
2039
900
1600
7144
588
7429
1699
6179
2872
7285
7052
5803
628
8887
8449
1423
2180
7790
6150
7322
5151
5838
4860
2683
4400
6261
5946
2110
8276
8104
9438
5318
255
8558
9124
3536
8329
3320
7766
1831
153
7819
1343
1212
2899
649
8357
7125
8873
464
5842
8803
3301
9684
4427
9206
829
5261
8215
5914
8174
882
9889
546
9070
3687
2518
9945
7469
8152
9004
3951
6466
4717
7924
2000
7155
2321
8207
9966
2789
7301
2420
2750
1488
2753
5676
9124
9819
5464
2132
1093
500
252
6373
6139
6007
3912
6951
1614
6646
5358
3729
8700
5029
9912
8145
2485
3511
1777
4216
1244
8814
3504
5077
9439
3934
678
33
4029
4516
9947
8911
3489
2511
8715
2138
6472
2998
2663
521
8054
9264
6647
1502
3405
7497
6245
8331
9093
4496
8988
8272
8415
1015
7001
9617
4932
1275
8874
7324
3993
5737
3595
5564
2692
8380
8117
4443
8363
272
1997
3996
9344
1303
52
8087
3146
5785
8321
6524
4405
2298
8345
9210
9209
2177
1684
7409
8722
6027
1006
2777
9854
5711
1113
7665
2490
5093
3105
2308
2918
5407
4957
1476
4797
2156
4307
3500
3818
1159
8777
6085
3379
1845
7106
4715
7511
8115
6327
6050
7674
2629
131
4976
4607
4708
4155
7786
1858
6246
9616
4828
380
8491
7488
9350
8840
8419
2212
7251
9561
1509
2220
9738
4541
3286
3183
857
6493
8943
7132
1323
5622
2609
4932
5718
4034
4845
6899
5143
2037
8402
3334
8306
3086
9155
9263
8995
4266
5882
9307
517
8504
4638
8751
2857
3169
595
4941
4246
2556
9245
5315
8716
8651
3550
9325
9311
6288
9267
3489
8681
7341
9616
4700
155
2419
3367
9473
9700
8602
7308
796
8060
565
6611
7247
8
35
5700
1083
1313
8359
3856
8075
952
8521
8689
1571
9665
2013
4704
3855
2193
6778
6548
458
1147
994
4974
3157
3743
7812
8523
4174
3202
7197
5527
1541
5634
5092
8405
308
757
8876
8328
4719
8693
4011
566
303
9035
9984
1398
8853
9247
8084
5833
9114
5965
3052
5667
1058
281
4406
4701
4064
2945
9764
2137
8329
1634
1437
7321
9641
1772
6936
3764
3105
3724
4639
344
9859
6385
8109
1409
912
6344
792
8011
7101
9833
1417
3911
6161
787
993
1186
665
28
8951
3376
1645
2802
5657
2138
2632
6926
3353
6012
8320
6557
5635
1291
3736
5677
9827
6532
6055
7253
7038
4761
5536
358
8626
6317
9528
1724
6574
7020
5780
28
8827
1094
1660
4239
3096
7194
776
9509
3958
7309
5916
1527
4388
3576
9498
9613
3621
5783
7716
7201
5965
1579
2405
6766
4169
6484
6191
1755
1299
5953
3743
9454
6232
8504
6594
6502
2705
8425
483
2661
8491
1133
3612
5549
9221
1105
6124
4583
6316
4933
6487
6259
7324
107
7763
5949
3238
2445
8446
4534
4771
3691
1806
1559
2722
6603
2501
2349
8025
5428
5716
1478
8305
8826
4337
1532
523
5770
2178
3998
767
1453
6516
1478
4547
7578
2255
3838
116
5915
2320
2563
5622
8239
6832
9172
186
4629
4591
3179
340
8314
6787
6894
9153
7926
6905
6693
9069
4389
7303
1539
9666
4777
2049
2792
9523
8464
7583
1997
8448
6734
1099
4788
2572
8132
8409
8327
3775
7259
7097
3576
4223
8425
5274
2790
8764
5016
2551
3592
9449
7727
4892
1544
9637
5813
4354
5451
1589
6055
8836
4796
6432
1869
3110
8476
4717
7669
684
9444
6315
6652
5237
8274
4726
8932
1659
2075
6726
1221
3890
9831
5669
925
6289
1054
9414
4092
5223
6286
5233
4710
8402
457
3431
4384
5336
6778
4915
7945
7849
9327
9562
1947
9934
5897
9292
4671
5264
8977
3891
7193
7657
7386
4962
741
7277
9996
3429
3610
7020
9113
6324
8145
7613
3516
264
6275
6046
7611
4127
5207
212
8302
8106
928
19
8358
7783
3950
9447
8078
4704
1344
1716
4331
3628
3773
6323
4488
2727
2601
2422
2514
6672
7854
9285
6839
1526
2698
5803
8936
4777
3269
9433
4022
4074
8709
2620
4452
1361
6127
2977
1285
4886
278
256
5469
8268
3519
3568
2573
9127
3821
1870
7337
2826
5791
3540
3289
3141
5759
107
8039
5685
4644
1908
2915
3146
4364
6832
8937
2385
5788
4366
2690
5304
8277
4294
9554
8479
5868
5021
1672
3846
4928
6101
6285
6589
5197
2737
7647
6946
3639
2974
7379
9184
2459
6021
2172
5698
232
632
4599
304
2988
8745
5716
3201
6064
6000
1631
4467
412
1738
4368
9815
7662
820
1775
705
1936
4945
1937
8078
600
4233
2946
3231
8681
456
7968
825
5383
2080
3554
2327
1118
2550
3860
456
6461
5437
2186
4991
1778
3842
7636
4235
4507
4293
9988
2985
1077
9761
7017
5857
7685
1514
3797
7399
9346
7653
2023
451
4825
444
866
7841
7598
2421
9865
7456
6890
6134
2875
7399
3061
8975
3188
9137
3833
2288
3244
2016
1445
9648
5389
9366
1370
1046
1568
677
3484
8668
1041
3398
5709
3479
984
5176
982
5633
9913
1706
4909
437
1326
882
5101
5560
1981
4100
2690
6983
934
6619
949
2009
3153
9313
4396
513
3955
2112
5585
5252
9707
1036
7313
3379
3692
5353
3159
5946
7455
1396
2112
5163
5557
6926
4966
9328
9278
6005
4960
1695
2312
63
9771
9568
3481
3423
1164
6695
9060
4255
1060
1750
3473
9568
9998
2392
3796
3498
6369
8057
6781
3753
2253
2763
3325
8739
9622
5557
3217
3515
6532
514
7896
420
2535
6417
1124
3255
1044
7255
9308
5788
4283
8643
368
224
4493
3625
4774
408
6141
9798
3971
9396
9200
6684
139
7083
8012
6528
5522
1687
6813
2480
5784
8057
3759
8872
2631
8646
4112
6194
3479
3391
5553
3011
1130
8944
1027
877
5178
6065
5827
70
1000
6042
1242
9189
6879
5403
9271
7183
8916
7126
771
4599
8592
377
338
3229
7703
9198
9497
3250
9835
8357
3352
9806
8509
6978
6342
3520
40
4435
3972
8582
8558
7167
3594
4482
2800
2339
8153
503
5771
3415
369
8408
2848
225
8257
7697
8275
8285
9299
5281
5775
7146
2948
7914
2994
697
8380
6184
9111
3721
2255
7388
9345
4922
4998
8679
5938
4686
8899
8259
9612
4211
700
9723
3683
7907
1644
3570
5440
2339
5054
9009
5623
751
2218
5320
6043
2661
8259
8955
5837
4133
4199
2579
1178
7938
2681
2212
4289
9807
2125
2053
5084
3917
9823
7225
6007
8733
7914
9461
9307
6014
1750
3727
2027
3790
4511
6131
990
4432
4900
9125
4567
3695
9464
9947
1147
1591
7159
5643
6244
8003
6188
5636
3081
1751
5306
3680
1065
4099
8551
5970
2630
7390
9584
9447
7054
4152
3610
5743
5769
982
9177
9785
2919
5527
3224
8411
1412
3173
6023
4732
1662
3187
5795
8542
7217
9228
9511
7506
3522
3857
4294
1998
6658
1737
9032
4891
566
5859
2050
9547
4226
2456
4334
9587
5378
5192
7025
5877
3427
7168
6883
2494
5557
7354
3747
796
8193
1161
5536
1703
1331
3441
7517
6082
2748
2022
1449
6523
184
6277
7562
6028
4793
4506
4496
9379
5623
866
6795
1622
8358
2773
7898
3360
8246
7921
5112
7046
2546
2547
2211
9239
4096
5518
4694
1695
8586
9764
7654
5862
2212
4973
3157
1852
4958
7335
5970
5668
739
8647
59
209
7656
7629
7082
5525
2667
4291
4287
2700
1667
2371
7643
3930
4230
9357
7935
8210
3332
5742
9126
8950
6167
6516
4949
2982
2363
8744
1121
767
3497
4071
895
3607
3808
9405
6727
4088
8431
5138
9482
2224
7106
4677
4952
1648
7001
9977
3377
8268
5419
4736
6348
3224
117
6790
4178
1890
3256
5936
5607
9785
5329
4
3064
863
9559
5996
2563
1278
8179
7139
1741
4522
5932
7417
2368
9173
4520
2927
6904
533
9916
3471
9247
3103
8824
4025
3994
4915
5586
1431
2585
1378
3322
9970
5222
2973
8930
6408
7535
6478
1467
4478
1968
1764
1824
4656
6308
1200
8531
4923
6401
838
4521
3828
7384
2674
2174
9365
994
6672
8896
3895
7813
6328
9993
9596
8831
8701
1145
3667
1583
7267
6263
8137
1829
2226
8691
4777
1840
6348
5858
285
1447
9697
9482
4935
6891
4616
6024
651
3422
475
8978
763
707
2810
2822
3779
8287
9748
5587
6003
5551
2332
6290
6680
5357
6289
5141
2054
2641
6452
8034
4940
2645
4140
1284
6245
5379
2977
1123
8469
6702
5432
9264
1458
7731
2352
4441
6249
2571
1529
2751
8044
123
4003
8484
1886
528
3583
7692
849
1794
2906
4452
6720
5057
5044
423
9170
4500
4503
3971
3255
8119
6826
3372
5989
168
4779
6387
5870
7387
1150
1271
139
9878
1249
2237
3392
4848
3117
9045
5800
6505
9042
4900
1445
1012
2847
9770
9389
9640
2929
6208
5439
316
2966
6590
9759
5583
7921
5134
7308
3740
7871
3165
8994
8064
551
7419
3920
1773
7395
2699
1288
68
7681
2686
1913
6285
151
2097
9253
7104
9725
3426
1781
7799
6584
6517
612
922
8021
2034
9861
2291
2465
5428
9830
7004
2315
8992
1150
1274
7372
4408
3989
136
6468
1766
4284
4539
771
8855
9510
568
8691
6437
8335
5290
2531
1977
2479
593
2625
4302
9053
8417
1880
6217
9906
923
4060
4196
3470
6591
3767
3699
9974
6064
4582
290
9244
6430
619
4491
4368
3961
2343
6080
8507
7794
613
8236
4108
8648
582
9100
3915
6722
6869
9974
5459
983
9412
2481
3017
7593
4390
5180
3141
93
8767
8912
8776
2328
1898
5510
3894
6773
6443
754
2033
716
9740
5752
8765
3936
954
8992
3505
3777
6980
2355
7760
8824
1094
8970
2544
5175
5208
841
2449
8466
5729
4922
7370
4278
9298
4808
2187
5782
4047
9571
2975
2871
3273
7259
3807
4769
1863
6851
4781
2858
6537
5206
8652
592
8199
6133
4339
6261
8644
6795
5360
8581
7460
5308
7604
8534
1234
9727
7328
3035
7516
3136
9389
3393
9082
77
5755
1715
4332
2718
1583
7168
1859
3069
8076
7231
2955
8931
9506
2943
3572
6645
4084
8913
1975
8479
8135
872
9606
5506
1146
4144
5056
9278
8655
9915
3100
977
7677
9765
6143
5431
2109
3859
1050
1993
7191
877
329
3395
712
7565
9820
2067
3229
672
5590
3470
8782
2173
1880
5966
6404
4630
8480
7294
1209
8925
511
4771
7445
4144
5687
274
4789
3748
3538
5460
4155
7386
9806
2162
4594
231
533
8433
7051
3179
1856
7821
5656
5018
907
1803
4438
5720
886
7668
5210
9927
1683
1910
8943
3682
3413
101
5991
559
7672
568
4452
7005
8432
1534
55
9967
722
6749
9771
3505
9480
7827
762
8897
9209
5094
4727
3906
5933
5735
2429
3678
9624
3424
5695
235
3747
6155
5052
3999
5256
3558
6769
7259
1459
9566
3264
8995
3521
2081
2271
9907
7372
8779
8475
3949
6791
9952
5620
524
103
8433
8157
3368
1806
6654
6088
4265
3113
5143
6751
6350
2763
719
462
7484
9726
6226
47
1204
7117
6857
8803
8898
716
3801
2057
2254
815
2031
4385
980
5884
7177
9862
8671
7242
1037
9955
7567
7178
717
4577
7387
2474
6550
1084
6785
7560
9089
8368
8642
5245
3990
5809
699
9566
4847
5143
8081
4483
6238
9544
298
1601
2940
9801
9949
5788
1336
6247
1445
9387
1896
709
6142
7413
1666
4946
9813
6776
3332
7283
1768
6200
3032
4621
1894
4705
8145
8340
7835
6281
1882
9691
1960
573
8324
9438
7980
7239
4455
7907
4121
5236
7886
280
7845
662
3466
5256
3665
3336
995
3571
7750
3872
8350
7705
6382
2887
7118
2474
6068
6844
3374
5747
190
1707
9147
9040
5286
4730
1464
5287
5324
6001
7167
620
5318
1421
6330
8094
2114
656
1970
9270
8409
567
7783
1458
7161
7430
6516
1403
1053
4199
2277
8441
5199
245
7038
84
5060
3092
356
5636
7723
2505
359
7620
7252
8819
9104
2452
5360
3124
3262
2025
6580
7295
3501
8524
959
6431
9473
5772
7122
2352
2933
8304
7939
1825
4182
467
5137
1265
2358
8476
1252
1777
1575
9528
2364
4308
4970
4924
1657
4203
7962
1423
1445
8871
1153
2940
4634
8346
4730
2204
2269
7531
1787
8110
5835
8385
1945
1226
6147
2514
8208
2615
5157
6160
3088
5503
753
5179
7031
8219
938
8683
1823
9263
7685
1664
3571
7322
3115
5982
7508
1187
2611
9184
831
7689
9089
2847
3790
5354
2511
6531
882
389
4249
5030
5124
2545
8905
7998
1336
1582
6480
6185
9279
9281
4557
9046
734
4716
476
9978
6675
1772
4545
2498
5761
1363
7077
1430
6533
6917
7893
3211
8035
7355
8140
7306
5032
6511
2923
8600
6630
2871
7861
849
5124
7391
6779
2542
7870
8546
9297
3808
4847
7085
2241
4993
4363
4132
7484
5991
1112
9498
4741
770
5359
6927
5846
1502
876
1968
3042
7854
6102
6670
5778
9948
2276
8396
8687
2203
4985
5722
6320
944
7013
1798
2719
5305
4514
1122
7547
7802
5949
3549
2650
8454
7352
7450
9089
5370
110
6608
1439
2509
6416
1590
5558
1970
4819
5002
4066
6102
8827
1929
4555
2159
2219
7032
8108
904
8812
8974
8319
6919
1242
331
1583
5952
8932
8696
3464
7070
7167
16
1970
9401
9235
3942
6664
414
742
1727
3852
2708
5312
2283
1785
5122
2099
6642
4565
908
3946
7131
4534
4031
2000
9403
6700
1778
598
3517
7023
916
1848
6581
2725
1597
1000
6798
887
4105
4018
2719
2162
389
2777
6396
5143
8466
6558
3717
7313
5272
4592
5475
5845
1960
1583
8670
8837
2796
1789
3686
3441
6173
2930
8656
3289
7764
5242
1452
3837
3918
3837
1146
7830
3506
7260
5620
9100
5210
2148
904
6489
1981
9380
7875
7588
5605
7170
9515
7209
8836
8899
6444
9676
4765
2951
5596
5307
8208
6858
7328
9849
846
7730
4954
1769
8087
6561
8132
5491
4337
9307
1364
9381
6921
3645
3198
5283
7979
9528
3088
2327
5631
1732
7447
891
2295
7
1243
7575
9271
3753
3406
9116
8486
71
8535
420
3828
4347
2559
2483
7711
9726
7058
3403
2017
553
7617
5190
1730
4293
6476
7229
5594
4971
659
2395
7608
1981
7738
4361
6526
7071
6649
9054
6235
857
7259
7849
2606
9392
9708
2841
4129
2618
1269
4406
8974
7198
8877
5079
9685
7883
4135
1037
6920
4123
2658
9496
8107
4315
6764
2852
3530
8969
2374
4939
3458
5411
9954
4688
4837
6879
5206
3115
4105
5808
9025
7475
6914
6636
4136
9794
3730
2015
4999
4982
8792
8789
4171
6232
8217
8395
1072
6084
6559
5691
7446
1673
31
3482
1544
7358
8942
961
4018
1181
6387
6586
1301
4936
1787
3915
4638
6403
2579
6938
2668
8779
3192
6274
1839
4963
4738
8669
6158
2617
8582
2978
7803
6693
3735
6931
8990
4836
1728
7908
5113
4329
1250
3311
5551
2484
8521
7330
9322
6979
1240
3867
9278
5691
4241
8240
4105
739
784
5185
1068
902
7995
9507
8532
1766
2518
4216
5360
6545
3957
1603
6108
6745
7804
4612
2907
3848
2259
7488
5778
5649
7055
1835
2608
7635
6042
76
8650
5920
2038
9415
8446
812
8491
3500
1662
8627
2154
1537
9997
6088
8622
727
701
4588
6843
3052
6595
3047
1957
5922
8673
8738
8977
6494
5087
436
5297
1459
4669
316
4933
699
8062
1583
8857
312
8137
7908
5061
1164
9025
8481
6645
2641
6743
4595
5056
8197
9443
1614
4219
2033
921
7659
7369
3179
2758
6991
1831
7421
1704
1761
1480
3417
8340
9653
4330
222
5393
6457
5585
8341
3334
5565
8475
4801
3425
9574
6265
1053
2071
756
9973
5126
8640
3226
7474
2388
8339
3507
5783
8709
9194
4501
3936
5006
6949
1714
1414
8081
6642
3018
3470
9606
415
6785
2765
2722
3801
7621
6518
4695
4656
3845
8382
8887
4397
1342
3579
8360
5047
2396
765
5235
1922
184
2689
6269
6306
5272
3528
1098
9429
4317
4545
9984
5832
5665
7841
8101
5263
2803
6586
6233
3908
9965
1029
8125
4642
4661
8627
5776
8455
9132
6075
3491
3161
7916
9230
1987
234
6526
6725
9176
8902
8898
1179
3584
7525
1412
5404
5383
4814
4859
1932
8837
8002
4226
8228
3932
1799
9017
2550
3476
4801
8942
7492
2749
7319
9167
1665
8407
7995
7336
8295
2069
6668
7529
1619
6280
5807
7190
6197
1277
2013
3372
9565
475
5382
9484
3872
1804
9877
1650
1714
1240
8425
8886
4845
4330
4154
6811
6870
9314
9105
9067
2681
463
9681
645
2619
877
455
3835
9717
8141
9769
7949
3360
6846
5548
3980
3852
7697
107
6940
7044
2840
6752
7704
382
3480
958
2456
9039
3564
8627
7081
4386
9753
3747
4314
9625
1745
5390
3823
9027
826
7519
1120
5006
1734
233
8832
2979
2293
8169
1188
814
2692
4487
9196
9435
2299
1161
4152
6406
7767
9651
9116
2936
5717
7653
7930
8454
8482
7155
9436
4903
99
2688
414
4320
228
2881
798
4463
8956
1167
4077
8954
7845
7535
8871
6548
1729
4620
7967
4020
6439
7036
2978
6941
6901
8690
7504
9027
6656
9091
83
7030
8896
6688
3188
8354
3225
1648
9722
8454
6364
7696
6208
3896
360
5301
9945
9329
9942
1649
1425
9222
7859
6713
1192
1602
8165
5967
6438
5846
1910
1323
4524
7350
5639
3678
673
6910
8449
5710
7477
5428
4878
5268
8609
6178
2758
1527
9453
8765
1729
2834
5923
8454
5770
2926
6790
1642
9245
4295
1565
7476
9952
1694
3868
4087
1206
9470
9312
9989
960
1046
4489
1682
891
463
1718
4581
7367
9548
2682
2071
4502
3734
4950
9399
694
7409
9821
8220
834
6150
6322
9391
3141
5250
2469
8011
3057
2010
9813
8270
6990
9817
2619
722
2419
6287
3083
807
3577
4881
4016
1185
2888
2235
7132
4590
7781
6508
1060
934
1536
9083
4041
6827
712
5077
8115
8473
7548
2913
3835
434
8807
8258
8644
2713
121
4469
9262
3747
4255
2327
7923
5956
6050
9844
3643
2120
3235
4467
5372
8222
193
1915
9242
1943
7286
3396
6526
5050
7318
1575
9556
1122
108
2520
6742
3941
7131
4212
9260
2833
9985
2935
2718
2088
1553
1173
186
3389
3062
2760
7237
2281
370
9572
4615
5673
36
5905
49
3532
8081
5819
3051
2876
4840
9672
5490
5557
8834
2238
3221
4978
9165
3173
3943
322
2729
650
7032
5578
2689
5858
750
8578
8273
5416
9416
5230
8203
415
8481
1704
9387
8237
7965
4067
194
6295
1166
9208
9903
1019
1065
7207
9055
4171
