644
992
626
725
4
57
319
164
735
563
317
75
143
707
297
51
642
875
850
521
331
274
224
670
432
162
593
86
405
367
770
378
460
273
164
59
723
478
131
896
935
380
632
626
469
964
193
944
556
980
122
790
919
262
460
330
870
761
718
190
801
424
629
324
350
180
727
264
792
370
960
998
617
643
192
672
415
452
155
663
783
232
839
549
733
948
421
13
623
934
61
727
962
363
274
808
550
602
959
209
543
806
19
477
687
451
115
642
287
940
400
716
552
311
931
117
575
949
829
480
695
955
253
379
48
583
487
249
496
693
775
843
112
286
186
610
772
253
313
64
264
549
16
927
248
730
399
623
685
9
142
541
893
52
929
773
71
149
226
393
1
867
507
633
621
198
810
298
303
163
300
59
71
12
952
665
144
820
829
418
468
817
484
837
373
378
257
298
424
78
509
868
157
931
624
743
203
913
576
513
227
364
632
56
339
281
798
544
905
183
319
401
149
97
838
352
213
761
805
900
416
572
26
959
171
328
333
41
92
500
931
248
969
266
462
592
61
990
154
355
226
887
159
45
300
856
527
440
566
195
16
318
898
170
235
409
151
172
14
121
375
305
981
367
273
419
450
381
132
459
338
677
505
639
886
630
142
98
647
873
275
444
113
223
898
48
634
120
695
701
236
133
780
408
404
408
364
451
889
299
160
536
645
446
233
390
40
69
406
418
183
703
254
806
267
435
603
259
385
996
246
609
181
192
461
689
31
550
649
185
277
85
405
28
582
464
908
684
834
813
968
250
869
139
583
955
798
603
254
864
586
992
902
936
448
445
900
703
827
881
212
461
392
334
473
695
333
116
194
655
238
203
20
933
549
205
872
354
436
351
256
813
391
571
218
724
176
455
986
794
268
366
969
650
654
665
877
310
656
315
255
664
512
119
603
174
365
98
647
724
196
954
856
830
967
73
996
726
444
953
325
506
436
112
386
151
850
233
145
766
202
8
642
258
976
785
272
831
106
746
60
193
189
158
184
276
382
51
192
632
28
965
653
569
914
654
258
587
740
743
732
233
230
99
316
650
613
321
188
450
909
590
915
278
833
666
904
762
772
178
961
775
626
253
720
206
226
441
239
15
77
801
818
653
847
260
866
510
857
690
662
491
28
196
870
775
725
883
137
502
413
558
629
351
959
96
205
975
76
668
762
68
965
600
168
934
885
701
4
468
777
315
867
285
663
548
25
147
933
438
703
196
390
973
498
743
636
137
601
664
511
139
829
147
890
955
504
789
892
594
527
205
371
726
279
656
563
915
173
300
560
715
818
56
227
184
607
636
874
885
558
406
434
920
535
139
55
550
828
504
192
402
712
856
382
339
320
354
943
853
979
924
883
875
599
685
204
764
920
766
860
19
849
580
488
124
56
613
389
64
292
231
998
627
306
205
594
919
636
234
892
53
756
305
531
424
596
458
963
424
200
235
771
835
986
338
85
713
114
233
211
757
825
26
196
35
261
988
611
963
909
746
754
314
700
836
146
367
952
73
542
632
332
171
588
880
940
108
99
178
725
280
198
735
56
796
91
606
540
518
126
104
246
196
421
550
415
766
16
459
720
179
849
650
982
678
369
547
989
543
354
100
264
586
909
333
285
787
497
427
675
548
880
512
380
193
841
724
947
879
7
710
439
814
166
596
856
593
673
524
895
622
65
418
443
78
130
506
674
12
837
409
193
351
128
651
690
572
187
387
616
893
509
264
211
719
521
325
243
112
891
569
652
763
407
425
909
702
996
812
149
119
652
885
978
490
912
282
603
242
827
11
708
302
106
155
254
540
425
668
700
50
717
819
816
642
112
787
655
523
546
247
821
730
980
495
900
466
348
565
474
500
606
968
642
401
768
239
65
427
484
260
277
212
731
25
902
750
852
785
544
237
478
672
432
126
96
828
110
29
55
86
276
144
553
516
239
895
97
44
394
596
451
662
591
993
121
754
149
742
104
791
501
4
117
223
250
636
183
959
450
406
212
268
606
824
45
38
164
662
719
510
506
341
404
762
413
436
550
798
688
643
407
227
390
986
662
805
19
867
451
899
854
91
44
780
736
183
34
212
944
951
885
986
951
314
435
145
302
718
319
38
545
718
945
884
266
857
931
987
507
740
186
561
544
773
268
252
707
93
569
440
120
564
52
800
127
518
115
427
754
701
516
775
434
980
462
150
978
639
463
260
291
141
583
246
466
645
681
157
787
39
304
818
460
610
527
188
663
781
555
247
435
607
98
101
116
77
66
677
