9047
5272
1509
8749
7622
7063
9801
8333
7562
6655
960
9155
5883
1278
6273
2933
3832
5016
5093
2975
7354
6235
5139
2754
6497
4514
8170
9855
3658
8495
761
2098
7132
6369
7067
593
4821
2565
6806
3235
2449
3752
6442
1136
241
4275
1159
3408
5006
8569
4270
2169
5922
7462
9715
4305
1408
7623
4266
3083
6917
2680
1845
4197
3816
4859
3884
6155
288
1133
9544
7330
2856
3198
8572
6867
7773
1702
7246
4830
1590
370
1433
3138
4551
5957
4232
6142
6939
3401
631
8118
1137
8236
2083
2694
6550
6200
9485
9621
5367
7761
1102
3254
3072
1481
720
3508
3461
2098
9592
3181
2805
5564
5700
584
9105
3638
2314
4840
294
9932
1479
847
8856
2715
4648
5090
3788
9768
7918
1135
7255
8701
7312
3302
5222
8313
6773
18
8375
6532
6066
992
9349
4876
5371
2315
5224
478
1272
267
9707
2421
7272
7594
2864
543
6825
7166
7039
6483
8967
1081
2876
3102
4426
3186
3801
3885
9266
1310
1657
6826
9134
6658
6565
7843
7015
1823
4163
4699
4491
9999
9243
1014
1701
141
3962
1083
6627
3235
2473
2938
1515
3818
2305
6586
7856
8040
4363
6979
5591
2071
2232
9093
185
9796
5365
7932
7357
4089
6663
7600
861
9884
4764
7107
6287
2378
4956
39
823
5169
474
5001
4739
4700
8334
2760
5044
2313
7343
214
1946
4710
6335
8014
7928
3951
5124
4318
3543
838
2110
3532
8368
337
2141
6148
5492
1820
8449
2496
291
1266
2098
3078
531
3999
2939
2605
7301
8293
4980
6240
8487
392
2564
1147
5415
786
188
9887
6302
9767
5053
280
7186
47
8344
392
8944
2220
985
569
2738
8241
7011
8090
7769
5286
4054
886
9485
4070
3252
3143
794
3522
9757
7798
6622
1414
6539
7267
5888
4511
5930
519
444
855
55
1511
1606
1209
3368
4643
4789
4627
1116
9630
5804
508
4753
4082
6565
1264
843
826
5829
9285
4721
2433
6906
2147
4098
3230
8899
1747
6948
9480
859
1386
99
9388
7387
9988
799
9306
1158
6005
8335
8730
6951
7332
9960
8198
7616
9964
6011
4772
809
2335
9272
9269
9467
5801
9120
2267
9015
6779
9831
2098
6043
5576
6059
7913
6333
3945
5710
9360
1228
5017
8533
5423
7038
4048
5851
9052
3844
1614
3645
8254
6205
5046
1203
5449
8667
2079
3412
2736
6440
7891
8241
5489
8991
4111
8867
3868
1046
1172
2792
818
7719
7450
2372
2500
2361
5726
6754
4230
6209
5766
3831
6156
9016
9484
5465
6001
2241
5767
9940
7815
3746
5731
6918
9161
6269
8766
4409
313
748
7846
5769
1285
5662
8824
2175
7452
5392
1691
4191
3650
2481
9864
2982
7929
1898
6187
107
6500
4091
1665
547
5922
3043
7204
6606
7693
6557
2231
7007
6814
7969
3501
7868
8639
6035
69
5304
6225
8824
2253
999
2806
1571
6236
3585
6721
3414
735
9758
4077
5433
756
3192
6859
4100
8526
3535
2238
1985
5126
8689
4999
7660
8953
4323
2169
4407
3226
6754
4855
2756
3776
9785
1845
3101
5357
5406
3762
3902
4270
9931
106
2270
2307
5406
9050
1529
3476
1882
9960
696
9807
5321
3823
473
1420
647
5135
9154
8757
5819
4256
9593
250
4051
4566
1179
8720
7516
7012
8948
2152
2342
8458
9264
6804
6323
2923
4432
7126
9360
3596
2768
4135
8123
8106
3753
1181
1567
5561
8745
614
6711
5838
1129
8751
1689
8597
8138
4445
811
5636
493
8742
2449
6262
2771
3507
5641
1741
5889
5732
6323
6547
4488
8231
9648
2012
6392
2785
1693
2736
8126
5411
1263
206
7702
7389
6991
2985
9978
8300
5708
7186
7372
6808
1261
777
9438
4364
5117
2410
7771
2543
7123
4579
1811
8537
5673
277
2054
7651
5472
3118
2445
8140
9606
1514
2111
5665
8233
9052
875
4892
7995
8351
6374
3354
4870
8659
404
4679
4065
5507
7686
4838
9591
3581
3095
1463
1019
3287
3146
1997
7686
2970
3383
7788
706
9365
8317
625
7098
3715
7643
2416
9913
6864
7798
8779
7512
3630
4775
4844
4648
6783
7747
611
6539
6245
7742
228
5556
9349
14
1849
1482
5710
8321
9438
3714
8420
5952
4703
2970
8605
3307
203
935
2790
2083
2282
3235
8836
6043
5775
225
7813
943
9471
5358
7765
8608
2396
7133
4131
3508
5691
5952
6771
1469
6051
9491
7245
1548
8111
6633
5369
8879
9376
3648
6334
1098
9494
6134
1296
3626
623
2855
3912
4525
9765
254
2480
9208
4705
2433
1580
5041
334
5363
4182
6743
6381
5524
6639
3177
859
2838
7761
3137
3557
3745
7368
1836
5692
5953
3290
2281
2919
3270
6302
6292
327
38
8478
8109
4586
480
8270
8549
7031
37
4278
6827
4805
3759
5554
2117
2665
6341
8824
7593
1825
577
8054
2563
4498
1902
5943
3066
8586
2593
7508
5434
3292
7051
4384
3316
9767
6104
1662
6316
3509
750
7722
7838
8165
5696
4949
548
7342
4651
5892
4276
9342
3454
955
6670
4770
3783
3867
1222
4032
5741
4007
2235
694
3377
8275
9186
8897
3601
837
9970
2449
9537
8650
2022
5331
1358
268
254
9237
1640
5188
3429
7176
7355
8528
5152
9422
7247
3327
9040
8164
1743
3002
1995
2128
7831
6547
7080
9583
2368
5688
8117
9704
4566
7989
8431
3960
3362
1455
5406
593
2033
4409
3385
5527
9407
1989
9547
1485
7845
9980
3749
5957
838
2196
8641
3666
8637
3724
2383
5926
1659
5540
4194
1101
4388
1353
5582
763
8726
8973
59
1504
7148
263
3323
4521
2406
7552
1743
7776
4852
3851
7354
3544
5135
4182
5482
4143
590
174
510
5933
1465
7772
4657
7276
4953
3590
6733
3328
9686
2274
2783
4193
1279
4048
7789
4336
2740
6593
7226
5829
7829
9097
7774
6152
7421
7769
9943
4419
1461
9680
8626
1694
1473
1658
7200
42
9570
2806
2372
9806
929
3003
8141
823
8836
3257
5352
5818
9611
2700
1393
4163
4743
4484
876
8075
7950
5031
7545
5089
1516
8522
7558
9461
6251
5637
7384
7923
5233
7584
5862
2444
7003
5087
2757
6370
4922
3361
5333
1302
3970
2447
6949
613
4363
2973
5637
7914
8576
6000
5580
2662
7270
991
9510
7027
3196
843
3962
7892
8909
686
5007
1127
4162
1280
2255
9659
6325
3178
376
5863
5959
6463
3481
9063
6169
4409
1619
9547
6756
1401
2741
6529
1433
4138
4925
4168
4779
7614
7740
19
7433
2479
9889
5813
3221
6389
6320
1989
946
1354
5058
9287
9378
1160
6010
2306
8753
2155
1303
9358
9656
4612
5191
523
4061
9019
5195
7302
2599
6096
6230
8873
9368
3006
3897
4461
1117
4462
9577
7662
5202
7675
5782
1342
1781
1797
3514
8818
2428
8361
7052
8702
3328
4824
823
4826
4097
7904
998
8018
3962
7774
8108
2534
297
5544
6735
4469
8437
3314
5351
264
6066
827
1504
7149
2949
9427
2268
5509
8372
4359
367
5066
8981
3910
2698
6948
6312
1858
3461
1513
5442
2574
2097
743
1025
3810
7650
9184
6873
8527
4454
76
1106
7888
2068
3970
9578
1565
6919
5899
4891
5426
7358
2272
208
7704
8451
421
1792
1144
3067
7270
5347
2828
9370
5708
5801
3218
9325
7231
450
9055
881
5016
1394
9425
2870
2322
4973
4213
5824
5662
7414
8567
4281
5970
6227
7031
8233
8210
4361
2303
5777
863
3775
208
5284
9659
6633
3349
1172
7805
5643
6054
1271
4511
4412
3846
652
3462
5939
6230
3432
4882
5192
9595
4695
5069
3216
7689
4433
8720
990
1123
2315
9825
6312
180
6989
9447
1283
5831
1046
5159
3912
7932
2
9919
7015
2141
754
5012
8838
7857
9995
6576
688
8219
9492
526
9007
2017
3573
6559
4513
116
4863
5100
3081
6896
294
3544
4873
7123
2710
9602
1383
9539
8763
5375
6216
7906
1836
6455
3778
7226
4724
1570
7632
9621
6354
9720
3907
7208
3603
2694
5326
9405
1004
7289
4489
7804
4348
6613
6696
1368
9684
3629
250
1871
1090
174
7048
3322
7792
8032
4880
4961
2105
6159
2803
9905
6666
4004
696
3973
4744
8577
6524
3294
2853
3254
5137
8552
4015
2094
3820
2918
2085
2400
4469
4746
135
3886
6919
9127
9715
2702
1616
5877
951
1740
2212
517
773
7437
9664
6946
6811
7847
8515
263
4939
2599
1242
2328
4070
341
1562
1307
1138
3374
8328
4323
6431
2245
899
398
1356
8348
2904
8596
834
5345
5452
7557
4295
7087
7633
2091
5196
7462
225
5691
7736
3424
4
9494
95
2582
8819
9067
969
5180
3967
1507
8335
3008
6208
5333
4730
3541
6511
7150
6498
499
8992
4930
808
6101
6144
5311
6399
8721
5610
3506
2675
9629
9749
2679
6385
1423
6417
4765
5326
882
5266
7234
5540
382
6755
7169
2067
2731
3221
6202
9093
1079
8413
9983
2260
3750
9388
5670
5119
1914
6910
2803
4699
2985
9787
3625
816
7931
2602
4676
4974
8773
6247
5196
2402
7442
7077
7641
7589
2712
7842
1912
9876
6968
5680
4186
5307
8601
3647
586
7202
7794
9453
2825
4982
9136
7704
1527
7209
1686
2648
4766
4984
3480
469
2509
6326
6196
5837
5832
7333
9031
7999
2494
6463
7139
9669
5408
8739
9024
1930
7008
9847
769
2755
9546
9611
9050
1888
9749
9699
6620
2575
1768
199
5686
7769
1812
2581
4839
1467
7672
6242
906
2040
5625
1939
3634
7416
7974
3529
3248
1694
4024
85
3145
3161
2187
6425
7620
3465
1784
8711
7739
7638
2509
8042
7899
8030
5968
8935
8088
5688
4440
2936
5591
5290
5541
5324
9714
3428
6431
1149
8063
5492
2516
9781
2939
8967
4020
5286
4912
7425
3816
7986
5894
5059
4944
6203
6068
2798
8969
2247
5824
6366
8455
5609
8799
8065
1832
468
7181
9649
8080
9651
9332
9318
1358
5578
4149
3377
6943
1101
7687
5341
3810
2445
5551
1440
5901
3181
9371
2259
1095
3252
9930
324
8304
7823
3777
5741
6975
8194
9977
4440
7469
7903
5488
5380
7317
8926
8068
6627
4653
2238
7390
4915
7366
4613
2462
2470
8020
4142
1815
2107
7707
6546
2342
8671
7387
3478
1768
8650
7748
8779
803
2504
7095
9889
7031
2034
9898
4288
3220
8800
9155
4767
9541
4364
9249
5457
9770
8047
8945
3211
4024
7762
9649
5311
6648
6614
3281
1373
8427
6138
7196
2557
1467
8584
7455
1145
1777
8282
9111
21
1276
264
1616
438
5850
3570
7108
5505
5852
7522
2969
1004
7227
3091
6171
7959
9724
4011
7260
8833
7613
704
8179
4892
3234
1290
3913
9795
1248
1044
8772
1040
1349
1020
3503
6494
1771
6870
8648
6117
4723
3639
8170
2698
2030
2839
4885
4415
8231
5796
7408
32
8016
9184
3503
7797
4069
9769
9889
2182
1488
5175
3576
2042
9111
270
5854
9031
9838
6230
9202
8507
765
4154
2196
1308
9593
9755
9124
9512
469
8915
6042
2469
1607
2779
6544
5616
3
761
9615
852
9018
9488
5688
6077
625
2987
1375
740
643
4884
4420
9512
4124
1044
8370
7479
3582
5007
7797
1234
4901
1636
4411
4828
1079
2366
735
7072
9498
6751
1490
9322
2290
1868
1534
3028
822
5097
7376
6688
1374
4053
7704
293
110
921
5692
7123
9754
7614
1152
2880
8659
6980
6933
9436
746
1514
4689
2749
3678
2901
8559
9185
7638
4514
6286
3440
3938
4195
9626
2849
3655
367
8757
4468
4665
1327
7613
3967
6076
9044
7153
3110
3510
4681
782
5313
2104
5244
9314
4387
5484
2808
4129
8715
8310
5964
2562
2535
1260
7422
4156
6763
7573
1393
6675
1187
5599
4192
6609
7754
4407
1431
5353
1329
2500
4556
7203
9817
8226
9987
4848
4344
8844
9203
3370
7821
8572
6951
2071
5496
2261
245
8742
3934
1206
8942
7765
5286
535
2886
5802
234
9279
9189
9577
9026
2512
8587
6937
9973
2203
9773
8489
1041
6955
1743
1390
4917
8945
7994
5229
4765
4767
8637
9456
9783
209
1513
6962
6925
321
9283
2526
8600
2701
6215
5326
9742
7362
172
7797
3624
477
4473
2019
3167
8621
1489
65
9505
8132
5452
4844
5952
705
201
3232
9353
334
5977
9776
2901
6033
8913
4418
1848
7508
5343
6073
767
3980
1545
3678
4378
8241
3603
4748
3401
3278
9191
9028
3139
1872
4087
4744
6670
3827
2549
458
4449
2945
3185
6297
2075
3655
3357
4394
5918
508
1636
8050
2589
8905
7603
8809
8680
9929
1777
76
79
2504
4357
2693
9392
2796
9553
2946
1473
9590
3958
6060
964
4549
1972
6312
5345
8058
9515
2773
6267
2191
4556
2780
738
4556
4763
148
6535
1771
5029
4101
8227
70
6375
3988
6018
9680
7536
3654
3657
2669
1924
4398
7496
2165
8149
1459
7539
6647
6598
7847
4152
673
9090
2073
6207
9660
5938
8684
3739
2861
6631
6509
8089
3166
1072
9306
50
626
8362
1910
4196
3675
8686
182
3945
7574
5960
6888
5911
9822
3187
1089
1365
936
5377
1477
8737
579
3482
5054
7228
1642
2395
2953
8930
7578
299
648
972
2868
2470
1047
3386
1131
5253
3420
8606
17
8544
8540
6335
2226
3744
5646
1225
1768
1571
5254
5678
3109
3144
9217
5455
80
3157
4191
7618
7386
9726
8168
3693
8433
7380
3875
1916
9634
4603
7214
2813
2256
1119
78
4985
5809
2228
4721
3486
5073
3247
7861
9183
1066
2076
5468
3677
6077
9848
1571
8101
1166
6692
9988
1246
9045
6414
8086
7764
3554
9933
9304
5419
9114
8682
1314
9036
8977
142
7792
1363
8423
4568
1053
5728
2689
544
9060
4196
4276
4856
5548
3012
1241
8863
9035
1897
6219
6675
8489
4100
1343
645
9735
2199
5480
9783
5858
9243
5409
7444
8256
6385
6468
2705
9993
7350
3376
9009
4224
4049
770
1500
6764
3323
8042
8086
9086
2710
8975
636
5716
9788
9785
3798
1034
8165
6995
5752
5689
7514
2143
4839
3060
5550
8593
2019
7833
4844
5869
358
2781
3907
772
2613
3677
3007
3297
7482
3870
5267
5769
7525
5543
4026
3145
3508
4836
509
1848
1149
52
6878
8433
3125
6009
8912
2732
5752
6889
5436
5471
9465
1908
4475
9697
6289
5141
2568
9569
4314
5604
5366
6299
4778
7568
281
359
6696
109
2270
7635
8068
6626
4734
1770
4430
9341
2986
2244
1928
2760
5863
3789
4935
4564
2942
8739
3319
3898
6502
4062
4369
5434
352
5784
2302
77
3564
4682
3201
8438
5084
9574
6862
4848
8021
7188
8949
3004
1929
8424
170
5538
2968
7621
7930
2579
3499
2692
2484
1547
520
2467
4005
2670
95
6775
2649
9471
8180
9570
6895
5641
4027
1583
9742
9701
5817
1428
9007
5444
6062
4243
2870
2931
4315
7280
7242
1299
477
5088
8228
6200
2955
5552
6233
4010
9165
6668
4202
7500
1555
1216
1059
8992
9314
4257
8588
7918
3222
4040
6275
11
5831
2727
8864
6861
8478
4644
399
9517
421
2126
7631
4100
8183
2049
7522
4824
9622
5043
2094
2385
4104
7657
1172
3872
5734
6452
4653
5781
4576
24
237
4297
5080
384
7148
744
9436
3113
9050
839
1467
2893
6348
57
853
7148
4692
9635
5593
4250
9226
5791
8932
9770
965
2569
243
2568
4224
6817
6143
4570
9746
7807
5439
2701
9618
2676
6129
7384
3391
716
7462
3543
6023
7885
7335
3491
1797
5497
699
1059
9134
6830
830
2215
7962
4751
8764
275
7706
3391
6732
6579
5715
3486
9435
3614
6002
2118
5627
1667
7402
2297
9544
5026
6584
5280
475
8895
3183
8923
8272
1770
6145
6234
8683
2840
425
358
9102
834
415
479
890
7316
5965
4933
2048
5213
3705
2546
1790
8120
5844
2431
6510
7510
6367
9895
3994
451
5139
3287
8360
1488
6924
2047
9729
9473
190
6710
1180
6682
7676
5042
298
6204
7899
9596
3268
4174
1901
142
167
662
9465
4592
989
8269
5694
4172
6609
8611
898
625
4824
8440
8308
5225
4829
6624
3186
4581
9001
222
7139
2256
3093
4525
9040
9549
2068
4653
2165
8572
984
3866
322
1529
5861
6776
9443
2624
6507
5992
3670
4681
3656
4383
7555
2747
8802
5668
6903
1781
7687
3217
6422
5408
6202
9627
8266
8811
6139
8774
5353
8470
4285
4302
8888
9876
5040
2073
8271
6664
9273
3799
8561
2009
9200
8214
6971
2793
5344
6016
8079
6383
1168
5182
6224
7800
8016
8049
8223
2296
9939
769
7538
8079
2954
1164
75
5201
5124
7074
6007
1405
3408
2574
8939
855
4166
9290
4158
773
1065
4530
1066
7813
4796
6761
4175
281
4220
2449
78
4417
5216
1138
8028
1826
1451
1237
3803
5752
7909
4711
7038
4856
3188
4204
7379
307
9939
2991
4391
1725
5031
4910
6612
6208
3974
3177
3615
1107
5060
5930
3815
7599
1976
3344
2905
3128
8488
7415
1523
9554
3994
7149
2674
8148
7358
5586
655
7206
5224
473
2843
5621
952
7094
6415
4911
9161
919
7217
5755
5833
5182
318
6678
3731
296
5187
2771
2317
9963
3132
7836
9927
7406
3748
2052
8107
2394
1024
6037
8862
3648
6365
1980
5852
6651
2191
9712
2550
8286
2173
7617
4196
3533
675
5151
7835
9966
9569
1306
85
9121
1106
4514
9843
9474
1849
4481
3395
9861
3251
5219
1818
8196
37
6137
6940
4026
3831
3988
9727
9703
2700
5994
6864
579
5421
1833
7363
163
2768
2477
2494
7603
5077
3071
147
6711
7946
6882
6935
9056
2824
6243
2337
5629
3668
7988
17
5118
4855
1407
5381
5282
1576
4092
4648
5389
4731
7273
5405
4725
5827
4521
7356
364
1570
6879
5781
4689
8897
9588
7116
1652
7893
8831
7839
5582
8230
4010
3655
3797
19
8047
3364
5851
6392
6609
7025
9074
3836
1238
7786
7600
8509
1115
5531
2411
378
7705
1156
982
7482
6902
1844
3195
7004
5368
3509
1683
9697
3755
9992
6207
2485
6038
1697
2444
7655
655
5578
4421
4385
2580
7929
7465
2575
4545
8445
2628
9222
2549
2323
1300
7463
1041
6847
7415
3918
4987
2756
3583
1242
5883
1180
4373
1784
3966
5594
6594
3581
7105
3974
3130
7085
8460
5210
9842
5065
3095
7179
2771
4928
3667
4579
7753
5966
2559
6649
8839
6273
8823
9158
7167
9355
855
9629
3725
3246
5423
8104
9054
1586
6120
9520
2153
3709
2239
8723
4262
2277
5810
836
8839
7835
5489
3474
3392
407
5819
5207
7532
1855
6013
8874
1953
9152
2183
4457
9559
6119
4926
795
3782
479
2305
362
6462
7102
5267
4871
6317
278
6207
3317
6957
8551
9111
8379
5124
8235
3427
8698
677
3461
8887
3155
5814
8002
5122
6649
6793
5051
8991
318
4965
3509
3417
1377
9072
1261
6507
7914
8415
4907
2722
1593
5387
6066
5473
8644
2341
4538
5365
5532
7248
5713
2577
8851
2332
3483
2362
2200
3859
6614
1332
2350
3573
1044
3780
9378
3245
372
9140
8252
9890
7191
1088
772
2218
2673
9713
1306
3072
6734
584
4112
8410
95
1232
357
957
7229
634
7939
5213
9084
7244
7788
9964
7506
6007
1828
7513
8075
202
9477
7595
6719
3209
6726
3143
5650
2830
9461
5668
5486
8288
7350
2777
2095
7480
2695
1900
4349
4836
4362
9138
9966
2568
8843
8486
2423
6295
6973
8179
7828
1944
5418
7010
3777
415
4483
6297
6694
4628
6877
4397
8045
3224
4207
9796
3035
7997
1686
4646
453
2405
1719
7400
1429
8900
6939
6642
5812
5360
9921
5254
9470
1706
1255
4823
934
7479
3759
1382
9508
4285
723
6091
1279
1625
7387
565
2839
2408
2235
8857
9993
7047
1600
166
4041
5772
5745
4137
8787
1412
7111
8042
8967
4031
4811
9132
7303
1214
7662
1080
9891
4775
7387
3036
4452
653
6394
5925
7112
5508
966
3988
6493
1492
7496
2930
4864
2934
344
5194
7225
5286
7581
700
8042
6515
6562
4589
9005
864
9772
7220
1779
4789
2074
6071
6030
8274
7960
94
456
9770
3626
1210
2796
5326
453
6913
7911
5637
900
2075
1742
1007
3224
441
2095
688
8950
6916
7765
2320
314
9600
3937
2147
1689
3929
2991
2539
6807
1250
2162
7046
5081
4611
4284
2277
9120
9606
8398
3326
2144
5830
2600
2235
2368
5405
8409
7276
8361
5870
905
2616
8195
6989
3212
1589
8231
3273
3178
2830
3885
1994
9611
9821
8838
7610
146
8420
4966
4753
1979
6055
785
7718
5570
7152
9031
9200
7386
2438
6078
2679
5043
9448
4912
3021
2710
8171
5856
8518
6395
3313
6112
4966
3979
3087
7115
1231
1665
2960
1332
4929
4771
3872
5447
5067
8635
4647
2707
3803
3624
3073
7339
7320
3291
2572
9084
8486
2768
2273
9533
5621
4361
7317
155
5877
9558
3020
2089
7414
4788
6555
4753
3009
6182
7904
2591
8752
5224
5382
6411
5013
9200
2835
6597
1085
9843
3095
2948
8087
3497
9197
5291
3472
1801
3057
6125
4492
1536
8418
8482
5123
5486
7102
1739
647
1393
8993
2260
2543
9004
6198
960
513
2592
8368
8788
704
6650
4994
8059
1644
1179
6630
6483
8488
5136
4191
6749
3427
6744
788
3649
8269
729
3507
569
1342
348
7217
7592
7607
2946
3973
2977
3078
3534
4093
2941
9696
8358
9360
1985
8594
5000
2873
4829
806
1172
7105
3330
4781
9388
7107
3832
2914
8845
5724
8911
5300
8498
4687
2654
4531
1101
7704
6313
7170
9180
8713
9636
229
1733
2607
3717
2425
1863
675
9747
1760
4896
9779
5688
8240
1701
3000
6241
517
5037
9456
4680
8232
6854
6208
2199
3992
5996
1693
8314
1786
5361
6161
9829
8921
7984
452
6853
2484
7539
4314
8091
3289
7253
290
1009
1429
2606
3046
1952
7394
6822
6586
1761
1899
7584
8384
5050
1944
544
6845
6585
6199
4450
9491
1442
9911
1016
5268
2019
115
6458
2317
5387
9832
6525
2007
4013
9382
368
5849
9026
8982
1244
4866
3766
4715
3373
5544
8572
2596
6201
6969
5297
9611
9304
6086
1674
881
7697
5655
6417
7823
5966
3484
3144
1412
4112
3638
9991
9220
2052
2600
5313
8575
1283
6107
7649
3493
1237
9971
2687
3166
4441
5556
5616
9411
320
7032
6751
7761
2190
9419
6122
8481
7280
4252
2624
637
5243
4232
5273
6843
8944
4107
3171
847
5
8453
62
4213
2952
6726
5530
4359
5867
5327
1009
9439
6592
2818
6575
2396
5354
9588
5959
7999
8242
1288
9137
2324
4424
4497
9352
7302
1338
8034
9741
1887
5479
5586
5638
9824
8935
157
2130
5101
798
8168
6936
5305
4137
7510
7573
9664
6591
9928
8572
2863
608
3015
4141
4138
4442
8156
9615
263
5776
5095
7331
1505
3759
5027
2708
798
8805
4983
3009
4377
7392
1065
4061
1744
8719
9718
1313
362
7771
3134
8707
3243
5672
4221
5734
94
9924
8651
4549
2270
1235
6666
6421
3683
8157
4165
1905
5340
3666
3086
8389
7190
7756
710
1799
6857
2718
6010
4042
5771
3340
7423
8297
4081
3612
57
7937
7157
1735
3875
3889
6781
687
8623
8292
6956
121
8120
4091
1585
3054
4513
1756
4014
2987
6466
9992
4403
3798
7428
1272
3249
7463
5974
8044
5932
3292
5227
3244
9679
6281
2197
8920
6721
695
1973
1739
1865
6891
892
583
3814
3701
1489
8095
4334
3114
9205
8479
468
441
4360
5125
1530
9368
7970
7681
1129
9428
9478
9095
6368
6574
6894
413
9236
8691
9853
3734
9647
5442
1236
5499
344
6585
2164
1842
3742
9258
1933
5225
9118
3301
9838
6462
1746
3718
3179
6783
3856
6000
3543
6602
8483
6880
928
4505
6577
5646
4355
5388
458
1368
8608
3009
7604
3873
4997
2294
993
6298
956
3627
5598
511
6436
9697
7719
4464
8507
9322
9583
263
449
3380
7726
6984
3473
7711
3004
3965
8646
4958
4385
6011
538
2791
658
5898
4587
3302
5518
5008
6975
6392
180
7016
7406
8604
5208
4819
3150
1071
5705
8633
4829
1273
9317
7259
7772
2807
8278
6648
3900
5804
6911
1465
5433
7802
310
6339
8659
7062
1279
1848
6326
7032
8433
6276
8929
9505
7516
4067
7879
4727
8636
9440
8178
2467
1266
3797
5385
135
4335
6244
4682
7527
774
361
2797
140
3187
747
4507
531
249
1548
6614
9607
9896
2128
8246
9733
6294
5420
8979
8618
4118
4919
906
2117
3300
9014
4901
6355
5660
3755
3448
2594
7789
5856
6928
3808
7285
3453
4600
780
6758
8813
9651
4502
9182
7155
6821
8460
4866
5122
4624
6976
2494
5235
7144
1637
3587
8113
4658
5388
3914
8269
840
4336
4052
9310
8281
5730
2652
3046
8309
9932
9953
1349
3976
4943
9810
3572
8190
3973
3137
2676
8800
1620
8032
9025
6808
1769
986
6826
3176
3433
251
1627
5074
9598
4327
2313
8032
2854
9507
6204
6378
1626
9766
3946
3606
2764
7695
8053
4732
603
6543
4912
4285
406
3743
3018
6581
3844
2638
6668
2640
5943
4858
8411
2476
9655
1655
8789
2343
6948
7838
6465
2313
2705
6396
3366
5614
8524
4523
1889
8785
5236
9757
1561
8370
1018
2406
5430
5384
7481
1981
3144
56
4588
2294
2124
7464
6202
6059
1165
2249
8742
3956
93
20
9040
6205
1868
2596
7419
3163
6309
3303
5675
8439
6783
5513
519
5066
4466
1061
8696
6733
8153
8592
9855
8296
9459
9849
683
8627
8921
5551
8779
5284
9728
5331
5991
1299
9911
6239
4169
380
7507
6428
5898
3005
5793
3286
6006
3643
9091
7868
9601
6651
142
8308
367
8059
7013
5025
7076
8845
954
369
4487
3559
2306
4359
4336
4286
9587
6153
4003
3727
4744
8701
511
5072
7130
9696
3025
7444
8687
9780
6322
84
1835
1854
3963
7765
2017
1191
3241
5026
2650
4809
5161
9970
1352
8906
3668
2015
1192
1299
104
6157
6600
6350
2173
4825
2658
8376
9618
1184
1727
3472
6606
7344
7474
2096
8212
9276
7271
7832
8131
4158
395
3705
4609
6108
1704
3212
4150
4838
1110
9128
8563
8491
8167
2695
3150
1987
7918
878
9505
8586
6739
5540
1710
9002
7861
7536
8791
1625
4177
495
7916
8701
2463
3270
7427
1816
3165
755
3144
1904
1840
502
4957
2340
9447
2481
7719
5746
9565
5374
205
8312
5036
8186
1818
5611
876
454
9935
5049
9196
3556
4393
1308
9707
9575
6446
4662
5049
5303
7402
1374
31
8125
8170
9103
1495
254
7340
2101
6219
6169
5099
5022
9828
3443
5728
5681
8109
6439
4403
1815
2048
2133
2987
4001
8432
6712
3421
2436
8687
523
5942
9777
4803
3091
700
9838
2360
9148
7034
3723
9065
6504
9691
8577
1246
348
5031
8292
2009
2052
7701
8584
946
5166
4661
9970
6242
2796
7412
3010
7599
9277
1412
2660
2695
3678
401
9549
9165
8882
7699
8194
7790
9268
5179
2043
6110
2385
1171
7208
5430
9239
8438
1213
5440
7993
6984
6141
6690
7662
816
3779
3455
4003
2762
5886
5065
4422
4250
9531
7153
8074
2037
7885
5162
7897
7762
2123
5367
5464
6744
8212
6003
3631
8453
8150
9258
1729
8069
3868
7727
1653
3400
8649
4813
3388
446
8459
482
3131
7233
3361
7553
5861
7898
2809
5858
4555
4014
1019
680
4618
1001
8540
6718
2339
2601
9349
1402
5360
3887
4273
196
3536
5949
9292
3241
5427
2463
6276
707
8925
8649
7243
5156
3825
1824
6005
1022
3010
1804
2718
4466
8599
26
812
8794
9105
2690
2670
1608
145
3524
924
9603
158
5683
4535
5855
2873
9162
2585
2673
1238
5480
881
751
1100
98
5904
6704
8736
8596
406
2682
636
2407
389
1073
6409
1169
3472
7893
294
2921
7982
7864
8816
1178
8828
2240
9384
7964
7663
7877
8483
5270
2774
1554
451
5438
4596
6948
6326
1768
106
1648
3175
464
9696
1269
9697
5444
4398
7499
7970
1400
4128
536
3093
7853
6907
574
3479
7535
7333
9068
2486
1077
8979
1367
1205
4214
7373
4761
3805
2046
6248
4595
2189
7176
5277
8299
3562
8174
4732
3132
9068
9712
1403
924
7370
994
7358
6061
3529
7362
7220
1681
251
9958
2903
9036
5063
3078
9603
7485
2671
5507
699
8733
2966
5154
4760
4543
9457
4103
8415
1349
6674
1238
358
7980
4997
4176
8666
1618
9052
1182
5874
3776
6051
3151
8865
2365
4596
7583
1950
8732
3499
6736
8697
6040
2230
9206
4762
9217
1593
6879
5725
2849
5713
4498
4739
8639
8662
3999
2795
726
1200
3164
7511
8359
3043
8262
7378
1884
8554
5936
3890
2940
1897
9973
4670
9857
6283
4429
4236
1106
2137
8853
2564
3327
9553
1858
233
1614
534
1892
3590
3370
1326
1589
2129
1685
6675
369
1971
4192
5801
3550
2327
34
5443
4609
4109
5732
4240
5600
7432
8323
8086
3628
1117
9392
2792
1373
4092
49
3683
5650
9465
4340
424
419
7296
4206
3228
9902
7675
2837
821
3977
9302
3280
802
354
7468
7502
1146
92
7281
6901
8525
6344
2396
8236
9890
3970
9551
3422
4347
3031
3747
1531
264
4053
7435
7362
7608
2713
8876
1560
3310
7258
7995
2709
1383
5212
9527
5903
8656
9088
396
6054
892
6223
4990
5583
6541
5857
6447
6601
1614
2723
7050
3602
5661
5462
4283
4215
7804
1805
9469
5055
5042
1432
4969
5111
5766
1635
2122
871
2873
4894
4180
3871
5950
5686
329
2234
159
7200
413
2397
3707
2026
4580
1042
1854
1277
9871
4431
2280
9411
947
7908
5243
1868
7737
7212
7753
320
2887
6514
1561
1294
7828
6711
9894
2705
5110
8541
1920
8176
7936
4259
5485
5362
6721
3336
8432
8372
777
4566
5194
1033
4970
7630
7077
8676
4021
7732
9677
4066
4519
521
637
7011
6976
5652
6369
9450
2368
804
9571
9965
4633
3657
7844
2470
3549
772
1762
2862
8914
2537
6133
8649
1906
2259
3344
9803
2677
841
4565
7939
1235
9498
5998
9260
1121
5398
9981
5302
6551
4987
6744
2828
3756
7351
3067
3632
8385
3481
2306
5679
8486
8556
2776
7851
2524
5697
2998
7130
6077
336
4436
4434
337
6412
4553
813
4635
3671
2564
2326
5431
7347
2866
7038
1770
3094
3042
6582
9211
5074
636
3761
2836
8416
6715
9191
4738
8519
5652
4175
6464
8494
3344
112
4986
4473
9396
8295
2223
7641
9873
1788
4197
7232
5568
9221
1725
3199
2574
6174
1653
5430
6328
7572
9309
3804
6716
4381
6456
8016
2000
2852
1558
112
2118
3533
4762
5667
2345
9402
7668
6727
6186
5255
7507
9921
3368
8360
421
7804
2576
8490
5792
2201
2014
6144
8525
4812
3507
9222
3062
4589
8511
6004
4678
6334
1158
8634
3808
2597
9439
2031
5281
3778
4198
2794
9797
6739
805
7121
9429
1443
5841
5616
5680
1078
9694
6428
9948
6104
8722
3291
8471
6716
2771
5264
3969
5519
2604
1309
4182
560
366
724
7911
7672
7340
4223
6773
3379
9181
4513
196
4662
2733
21
1265
1782
2769
4254
8447
1826
8690
6663
2250
2350
2326
4286
5228
5602
777
4828
1887
6369
2160
5583
1872
677
7274
6122
2905
5364
1333
4952
4520
4875
1665
8512
6681
2566
4037
9138
2652
3629
5841
2884
2603
2592
3964
6986
4482
1243
9706
1854
8936
79
9797
2604
5763
9233
9737
501
5135
5516
1795
6472
7192
9564
2935
9389
8017
5446
794
511
9129
1062
482
9606
24
1376
2168
4875
1652
9583
4347
4464
1879
9124
3339
4792
2739
8934
4943
2358
2826
817
2403
7930
4837
5231
4954
6756
4140
9524
3540
3276
3664
157
794
7097
8954
9421
2554
3884
7705
9302
2763
4369
1725
1207
9212
9191
3147
6893
7167
3769
2995
4475
752
2866
3192
5827
5415
4964
2302
9200
4491
5792
9184
305
1351
9232
5788
7959
288
2927
4760
597
9523
5631
1273
6540
7037
9930
6425
3855
7206
3160
831
2188
851
1264
3234
4711
9317
9569
9849
495
6571
6692
8099
7003
1816
3298
7981
6230
8356
9436
222
8147
2487
3748
1425
6169
7353
4197
4136
3926
9747
6077
4160
8063
8979
3980
4711
8132
3877
8187
2753
7305
6990
1111
8545
2888
5700
9709
2089
1699
4146
247
5044
2312
5719
7953
3272
1608
2658
4962
3786
5950
5521
2850
1943
8735
5566
6944
7174
8112
9330
1878
5210
7570
4337
8539
4981
6130
6944
3357
6251
8169
2399
717
5375
4786
2778
9165
7913
7293
5637
5551
5006
4260
1696
6917
9850
7382
1490
6082
7212
345
9201
8955
72
2036
3651
1917
3867
5839
3077
6979
3293
7132
6655
4338
2875
1784
76
1930
7922
2622
2207
5858
4532
4051
7301
9236
9381
9061
4394
1476
7338
1106
1169
4833
7274
7563
9614
3614
7554
56
1136
203
2907
3204
8287
5244
3143
585
427
7689
2613
4366
1268
5986
4274
7758
6258
1762
6557
3954
2843
4251
2709
3970
6265
1733
4292
3808
9160
6411
5068
2418
9095
4035
6639
4704
7090
7598
3980
3546
8026
3961
9291
9688
3374
4909
7295
7268
6144
7421
8438
9817
680
1271
8624
4762
3924
3927
2269
4735
8883
6217
2488
2155
6100
6739
5801
7788
7463
369
1168
1550
1439
3046
174
98
6081
5203
4486
3440
6230
1423
2985
8808
7476
6679
9630
5260
4688
3877
8373
3247
8335
1076
558
8392
7454
9562
8481
3757
1590
5418
3892
9053
6595
6349
7555
4133
1813
3423
4820
7681
5307
3152
2255
7568
1178
7271
2393
9897
6563
3153
9910
3761
9847
9294
3554
4955
5062
8838
5810
7149
836
6821
6562
6322
6389
2966
9363
1985
6175
2723
7374
4346
1467
313
4258
9840
2508
4512
4599
859
8847
769
9165
5134
2742
960
1016
725
7463
5198
46
7281
6167
6887
4495
1319
5721
8419
721
9364
3938
6331
3128
4153
1874
1278
7505
776
9622
7906
7939
8806
3001
8527
922
8700
1184
903
1001
5740
2338
7511
3564
905
9656
4564
3155
8620
9302
7432
7330
8530
1757
9176
6827
4527
356
3733
2874
5871
1739
4682
172
2557
6937
2991
1212
6184
6466
1720
7735
6707
6982
7024
7088
4788
4947
8988
1752
9907
1276
1805
6877
3832
6991
9241
9554
3567
358
4550
1611
205
1821
7092
5987
6706
8968
9320
8314
7553
9481
7320
9344
8558
9569
522
7521
7830
8555
516
595
3333
7453
7443
7246
6253
3431
9468
3588
2013
7716
4516
9843
9393
2679
9648
4706
8702
4100
5888
6067
3091
255
4098
8615
7202
3617
4438
4475
6238
3583
9658
8572
6477
2431
1065
9223
4571
5224
8123
5069
3143
9385
1077
6729
7916
4263
9360
9219
1544
5025
6369
7804
7393
8324
6964
4791
5351
2187
4193
9917
39
6209
5610
1533
5380
4053
7829
884
746
8513
1395
6234
2152
6599
5762
6722
5279
3854
2583
1839
4148
7577
8340
6392
2590
7960
398
8218
2104
5937
1342
4718
2002
8881
1810
3202
9477
2431
2201
7189
9823
748
3873
8240
9862
6863
5302
1713
7666
7404
722
1196
9193
773
4595
6982
756
7440
1106
6082
8686
4736
3649
7611
3532
3008
8154
2232
9026
9315
4497
2880
5721
5883
4177
2472
9378
5695
2103
6071
5534
5222
7506
199
1233
3680
8476
2747
2350
6174
6333
9987
229
7418
9100
3547
3711
7236
8003
2389
8129
4144
8476
2178
4510
8276
3331
1539
3230
783
4629
3467
942
4390
8930
5228
8844
1830
2409
9284
6493
1796
8609
6280
6153
434
388
407
5340
1333
1723
4920
3796
4863
9369
3476
2689
7960
7694
8589
8438
5098
7360
9468
3190
5752
792
1067
3926
2528
9004
9448
1451
1939
6616
1675
4085
796
7743
1735
34
7071
155
6733
2064
3147
8874
6477
4874
57
3143
324
5377
3084
5829
3168
3008
9833
328
647
2148
4342
7608
8004
785
8056
9723
111
7153
592
9962
833
2331
9762
5083
2897
2852
6072
4286
1680
7368
4878
8926
5663
7393
8871
7675
4567
1520
8464
1011
8930
5192
7280
5765
9859
3103
3536
593
4409
7822
8163
9722
7348
1980
831
2517
1033
8043
7185
6088
1087
7821
6017
892
540
5811
6168
5035
9162
7815
8508
9525
9259
1167
9109
2979
659
6433
6535
1556
4100
6553
9189
4483
8712
8390
3073
8500
1554
9996
8975
6321
652
3670
9515
1606
4
4032
3089
6134
4338
6346
3405
5449
2932
8855
1055
4834
8368
9503
4970
9075
8118
8772
2427
7560
5454
3382
361
637
3075
7710
1128
8865
6466
5170
4583
8385
880
1396
7991
2337
6891
6669
9289
8028
2069
9109
2522
6734
1898
9948
6612
8565
3243
6285
131
1125
9374
2842
1135
5714
288
6023
4644
762
7082
5922
985
8000
2411
9435
3852
1603
9933
8829
8845
4148
7958
8886
3420
9588
5853
2927
9392
9071
4098
3665
656
6287
3258
4759
4548
4732
5044
4023
935
60
2586
355
1561
9285
4774
8155
566
5945
9797
2165
2181
5258
1634
5509
5459
2993
3813
9137
5376
1182
713
9588
1874
1793
5744
4626
7243
1400
7638
5096
4813
2981
5837
9902
7791
885
9262
1116
9892
921
5073
1361
817
144
3694
2303
719
9494
6868
6615
1815
5049
2937
8027
6383
9831
9383
4304
7886
8062
6534
4903
3158
2551
4371
3436
1233
8177
6605
736
5363
4420
7087
732
4795
5032
9710
4693
6861
8013
2770
5287
1161
4725
7647
5871
5028
8495
7138
1100
6954
5560
5407
7000
1583
6751
2021
9860
832
9475
6341
9590
4923
175
8064
4569
5226
4124
9715
8328
6711
6946
3375
5652
6371
2569
9515
9373
3112
5591
6919
3773
4052
146
5438
525
6457
7205
4030
3514
5544
1725
7425
606
738
7189
4498
3762
1232
6219
1902
9033
6064
315
5504
5720
2830
7619
174
3272
8598
2078
3363
2091
9673
5114
4087
6925
8603
1328
3761
7757
8775
1958
9005
4671
7318
4433
5267
1104
8183
6888
6338
5403
1623
4395
2201
266
5468
914
5617
9159
8460
1448
8675
5996
8561
2123
9020
5536
2121
7373
8085
7376
631
8454
6514
6808
9711
9292
1156
5774
9472
9497
2973
180
2836
929
9763
5517
1369
2667
3032
3410
8310
9329
4497
7191
5461
2058
9518
4914
5360
4559
9952
6061
6015
1537
1874
6726
588
3143
2970
1640
4479
1192
9852
9295
3577
2250
349
8892
5407
6387
9555
4708
5329
2045
7433
3173
226
6795
8768
9251
8168
665
3681
9389
9836
8157
9785
5242
415
6594
1041
8717
2824
7751
6730
8590
1508
5300
6678
8960
5882
7682
9219
3183
9419
8923
7671
8604
2829
4173
7489
4136
3512
5566
6627
9074
635
4225
8339
2208
2361
7424
4746
9443
9488
9883
5664
5496
8422
6878
359
2551
4581
6266
2165
2831
711
5711
1997
3854
7138
9357
2731
1695
3685
7940
8331
9894
7186
1968
9341
671
7543
6326
854
1708
9310
8790
5439
5556
5092
9725
4458
1380
2065
26
3240
4310
5912
8995
5869
4299
7290
6136
6165
4568
303
513
3780
9552
134
6139
2526
9863
5255
4195
2593
7366
6509
3910
2379
3091
4368
2176
8809
8173
6106
8009
7739
6086
3691
8169
4150
54
5148
6792
6280
9633
2108
6481
2718
130
3816
3603
2146
8743
9290
2575
4259
5422
4777
5845
8689
2124
281
6498
7791
5892
2606
7618
6213
6082
9468
5095
2144
3802
7674
9187
7665
4334
2644
2270
1494
8083
3304
4036
8244
6373
5765
4885
8285
5484
8940
6314
25
4624
1945
2583
6157
2417
5625
6029
4021
3776
9805
746
6457
201
5214
9043
4966
1486
4015
5424
5868
4933
1138
5177
2406
3445
6555
5871
2426
5942
8719
4545
2181
2918
7350
9550
6676
3744
3535
6299
3913
9515
6850
6115
2753
8001
9054
3720
5570
1797
7862
7388
9946
1587
8822
229
816
2451
1904
6071
9015
2220
670
9912
345
1695
2107
9159
8221
7174
2192
6045
5887
4044
489
908
372
5877
2479
9777
5065
9270
5461
9166
2743
9870
9028
6338
1171
9343
6009
1672
6691
430
5609
6698
3860
9088
6778
8175
4380
7863
8652
7132
9107
3383
221
8846
4086
4588
1582
3716
5806
4475
3210
2330
2175
7669
6402
1643
7796
9091
8927
258
8617
1750
20
8986
4298
5243
1562
4933
7994
4319
4181
3847
8325
5437
4464
4528
4507
3242
2469
2380
8471
2452
9561
5383
8478
9165
5372
596
7483
1143
7862
3870
7452
807
9895
8108
5977
9149
3453
5173
1230
3773
685
1540
1964
5891
670
5301
6096
7547
6319
7553
2934
121
3765
9283
6901
8810
3880
5814
2083
1904
4265
5451
3507
7234
8428
3375
2640
2158
6895
5036
1985
3006
4535
7500
1149
8102
3741
9843
3860
4588
8283
6231
6489
2935
8895
3123
7659
6559
8676
330
4187
7129
3370
6326
9922
2089
4173
6692
4185
4318
8499
7769
8384
2496
200
3404
4217
6033
1233
2109
6447
6731
8510
7613
1604
8277
7696
1415
1014
376
200
2366
8794
7174
2216
3308
7576
4172
87
1727
548
2929
9758
1501
3558
6510
2709
7857
3428
4394
7213
3315
3174
289
7898
1801
3374
8839
3836
7578
6862
5896
7393
8912
6606
2376
3752
9971
4035
3252
1940
3149
7836
9600
6148
848
1812
7840
3180
5501
9468
8744
9511
5380
6182
2732
8216
288
1968
7330
7631
8559
567
2983
343
641
4650
29
7542
9473
9874
1114
3975
5464
9710
5630
1541
1376
1603
4335
8244
2792
9335
5860
2086
9687
1535
196
8759
6921
6882
3698
4179
4828
4323
1228
836
6732
3158
9945
6276
3483
2909
8716
4014
1572
8825
2451
323
5680
8922
4395
7816
613
1546
2878
4560
6073
9402
9918
5930
8697
6523
5657
8213
4833
4829
13
2898
1501
1192
2026
3746
7884
2217
1254
1724
7896
7090
1879
9922
9162
4325
4772
8192
7882
4511
201
8958
8458
7019
6491
4223
5897
1606
8262
5533
71
6161
2068
757
3007
631
8821
4383
5202
5434
5570
5708
9102
7503
2129
4336
5873
6532
9939
6121
4973
9516
7143
4153
9669
6825
1204
5505
293
2548
6923
6968
5559
895
9161
7220
7733
9870
1646
3843
3119
3509
875
5675
7507
6102
3827
9348
3811
6085
8551
8291
8446
7389
7992
5679
3210
9243
9029
9320
507
8896
8977
8021
2048
4296
3881
1829
5791
8959
4232
7197
2088
6526
3819
2709
5157
9271
163
1814
5399
7558
4301
7806
3483
9507
1598
4368
3133
4861
1544
3548
1762
4665
354
692
6602
4703
8721
8668
465
8937
4158
2713
8607
7385
4780
8823
3648
6420
9211
3195
1440
8999
4060
2644
6594
4925
4304
8195
6210
9591
5519
2297
9466
5213
3026
1124
7217
7106
2604
296
9440
4366
3926
779
9653
3750
5876
9548
2200
9773
9298
9854
8523
9794
516
3949
6473
3342
484
798
8592
8470
3446
9216
4097
1609
4235
5620
7953
8762
8049
6490
3336
7066
4243
1555
6114
1802
6777
9656
3848
9370
5856
7565
3613
7945
4488
9583
5424
6890
6265
9656
6417
3579
1657
6959
8850
1219
2161
6695
508
240
1219
2991
7480
7442
3612
4516
469
7583
1420
6008
9856
5675
3115
8783
1460
3870
2636
1954
9387
7551
1862
4629
9718
9051
6621
823
3578
9030
8701
8193
8761
7898
9979
1010
9589
3550
8465
8443
5122
7198
989
3057
1080
1390
543
907
5991
5515
9894
2999
4343
8836
8003
7693
5138
3495
5484
9659
99
5661
3888
1192
1484
7364
7815
1728
263
8130
4512
7059
1005
8312
764
6363
1874
347
6396
6945
5792
977
15
5362
990
6369
1545
5693
6146
2994
1997
7310
9791
805
6825
8139
4197
262
2559
6348
5473
4381
8136
774
625
4714
8192
5360
8590
3
3856
8057
7294
9057
4207
5306
649
5069
7208
4052
9252
8892
8783
1547
9594
1162
8583
8938
2175
4483
8852
1873
1795
1349
4372
9695
3051
2383
9351
5425
6353
8079
342
4078
9764
2168
3588
3445
7025
4530
6027
5773
3390
7024
6188
4142
8875
5949
9597
6727
8608
6523
6845
3939
5707
3447
5921
4760
4263
2753
2950
6743
7131
6510
2293
5962
9787
5181
4992
7734
4629
3616
3486
8441
344
4171
6706
1172
8083
108
8071
9587
7659
2510
3905
2875
4943
5106
28
5984
2906
6214
3606
4503
5646
1284
9614
8661
5899
2235
5362
2590
8780
9269
5757
3274
3684
3334
235
1632
6235
2578
5032
948
3469
1216
9898
6516
5565
5943
6452
6904
8055
9097
1769
6397
2107
1703
1914
3444
3474
6144
5241
6572
2276
9292
5862
9617
5673
1971
4688
6581
473
9918
2939
9955
6723
5988
8680
8587
8793
5891
7990
1107
2711
2418
4565
4361
280
8400
8097
2614
5640
6816
7583
5526
2043
2505
486
5525
4656
6191
7132
259
2307
6389
6362
8681
2491
1404
4570
3408
1979
5312
1165
1672
2602
9562
5941
7127
3396
4481
8638
3982
2275
4106
6735
4414
6463
3082
4493
2241
1931
2560
8515
2539
9633
7918
4627
9733
8081
8540
7185
3103
8899
8067
641
9751
9767
3065
518
7177
1730
2023
4124
3284
5896
7009
8514
2551
8362
3100
8865
3251
41
853
3927
3155
2285
7722
8255
3260
6016
6124
7089
4169
9466
9441
1539
1868
8020
8496
952
7107
6224
1609
8829
1901
791
4821
2613
7780
1295
4488
1691
811
7638
6281
8982
5035
5372
9170
8132
3354
7324
823
8544
310
7969
3791
9985
9695
9398
3521
3662
5848
4235
6063
1636
5556
499
14
491
5287
5548
3668
2884
1322
2096
3624
8671
3181
6837
5682
7102
6097
399
6140
9719
7072
582
1586
7210
3365
6701
7840
8731
7650
426
2401
4104
7692
2121
6709
3602
4665
9221
4797
745
9771
7181
1091
7693
1949
3787
2463
7342
5713
4660
5717
2919
5695
3889
5809
4876
238
437
8518
4887
4873
9375
2779
4199
4295
1271
6667
8886
5029
3133
9316
8752
4031
6518
7048
4920
4317
2973
1588
1019
729
4963
3555
5034
1447
4371
5562
5406
3537
3549
2449
1482
3872
9247
3703
1375
466
1373
1788
2254
6157
9346
5142
389
9479
1049
8662
6168
6562
2260
3150
2589
1151
7801
5037
1670
762
8730
4016
612
9176
7479
7990
3961
5370
2341
15
5297
6406
3982
3116
3373
2516
323
7163
8657
9367
8708
1576
3072
8011
4789
2642
859
388
6178
2051
6786
8376
7992
6633
2211
3916
1238
9057
7940
6057
1670
30
2483
9198
408
6520
6859
6416
474
5945
453
2928
276
3106
4537
8048
2212
9751
2252
4222
4325
4120
5277
7545
4085
9518
1531
4457
5812
4963
5155
3216
9563
2581
2692
6735
6708
6078
8716
4319
3448
4895
2580
8460
8699
3877
3874
1999
3199
9494
8771
2012
8070
4880
4659
1824
8555
6162
4773
3590
8581
8693
3916
5533
2601
4558
7207
6488
278
2860
811
8510
625
4389
2672
5751
7548
4490
5769
7512
5918
2579
3321
6250
7166
5025
5514
2693
7213
2006
4652
9021
382
1190
5658
7732
3797
3326
9070
1465
7093
3931
5463
5661
9097
2254
6076
7686
8834
2556
7064
8125
7751
3508
3819
8433
8471
5149
9104
7581
5413
6748
3413
2358
1485
5046
2333
8801
9014
7965
7048
8816
5415
9702
5700
6780
4231
6604
3004
6386
1057
4024
8163
2777
2035
1839
5529
88
2220
2489
4381
2292
868
5788
9490
4515
4937
2559
3189
6396
2507
9374
8022
4487
8611
1037
7261
6867
9327
6806
3678
2635
9457
9034
817
656
3822
6678
18
2459
2252
5
8104
3232
9139
1082
5500
4493
1636
255
5066
659
1592
8099
4338
3019
991
2517
4055
6605
3147
3554
7867
3010
4416
2937
7849
3770
345
368
475
5342
7434
5435
2177
257
2516
5918
1247
8699
9789
5415
4274
2085
5860
8670
1468
4026
3770
751
5606
1832
2637
2890
9390
4316
1548
28
8077
6097
4342
87
9108
4038
1217
1194
1099
7732
5334
7972
9070
397
6662
8472
4173
8912
1416
1906
9159
5464
6035
3538
8367
8802
3466
3330
10
5156
1787
4140
1310
5531
7679
5605
3047
5127
991
1566
4540
7876
603
8028
9524
9360
662
3348
1322
6088
6488
2982
217
946
692
8289
4414
2095
2296
4715
8173
4040
8948
1100
1475
5329
538
8859
9388
8624
5016
8854
4371
1800
8320
937
6711
7428
2506
5091
4764
2646
6902
949
7331
5578
4731
3975
9360
6065
5823
9584
5922
8965
7803
3012
2286
5963
8003
9723
198
3757
7129
8157
2855
6868
2136
896
8195
2623
7303
5561
7174
4024
9991
3436
2530
1465
4323
8242
2994
8230
2362
636
5449
8914
4234
1439
7758
1085
3273
4357
6527
6786
8021
7976
7933
4421
1831
9740
4253
5121
4455
9792
7931
4903
2653
8166
5057
2672
9567
2346
447
2430
2588
640
7440
6409
6853
3909
2133
3123
1464
804
6557
7742
9431
4029
9384
6012
1773
9576
8000
8856
9653
6160
8377
8488
3370
7881
8774
4821
2445
1310
7165
2235
3410
9467
6115
7220
3225
6593
4890
9670
142
3379
7018
7300
8708
652
1700
1854
5113
4613
2764
7479
4290
5235
6954
7890
1843
2163
7890
2924
4508
2910
296
2235
1946
8748
371
1561
4063
2259
7061
9649
3945
8891
2215
208
7987
6088
7267
8579
834
8162
4538
9601
5791
7480
8427
876
3050
5272
7002
3085
8757
6550
8513
1067
1723
8704
2022
9955
760
2081
9012
6691
1566
6795
8878
7246
2408
375
2195
6143
8372
1319
5509
5967
3731
9646
3781
2470
6529
4036
7471
7000
3517
7591
5338
5123
7134
5562
8802
9174
7715
7035
2115
3615
4624
7669
2582
6778
1713
5079
2886
701
314
1571
4284
8391
1180
8300
3068
646
4854
856
9160
855
1357
3742
4545
5332
3896
9736
6401
2519
4031
3509
6719
8532
9584
5957
2404
2115
24
1755
657
4952
2801
1230
4746
2916
3532
3290
9866
7576
4825
4679
9135
4729
4287
2717
7253
7598
5315
8350
6838
7099
9353
9863
9889
3535
9254
7044
5827
9622
646
3911
832
5439
3666
234
9268
6660
6954
2142
2641
4712
164
7594
8450
508
7548
6553
7415
7436
282
5512
4293
8459
9806
6985
1113
5537
2179
2666
2616
7020
3541
6269
420
8361
7226
848
2559
2141
4866
404
2928
1081
5734
9327
1336
9123
9386
3907
4382
6440
8124
156
1547
5860
3530
8190
5019
1366
1800
2817
1137
3929
3506
3181
8276
5938
8125
6019
5643
8409
7455
6812
9355
5184
1984
344
9375
7782
5170
8094
941
3331
577
29
906
4345
2973
2497
5547
9706
6818
7097
5847
3179
7581
8287
13
8485
4719
9757
9397
9662
8291
8501
3958
5268
5742
2485
8579
1561
10
7550
7796
4539
7267
6089
9543
4269
6773
9552
115
4153
1235
973
2195
5448
2311
3137
1860
6315
7867
864
4676
654
1085
2215
1313
2452
2485
4351
5868
2418
262
1508
8133
5755
6406
2080
5662
6686
4363
489
4399
4575
4593
8027
4438
5070
7923
5066
7866
6435
7664
7946
2258
8648
8602
5514
10
7762
4991
8065
3054
3814
3191
5394
1571
5813
3728
5651
5737
2117
1254
7610
9237
8
9575
679
9846
1130
419
9018
5780
3790
9960
3823
2845
8081
4203
4330
2443
7070
6171
771
4081
8925
2376
5119
9405
1858
3727
6001
7373
8458
1050
5148
726
4864
7322
1459
9607
6208
4240
3104
4842
4782
328
7778
1507
7184
5213
7490
361
9320
8100
6177
8612
3891
8077
5788
241
806
2839
7367
6433
8707
8693
7992
387
1416
4972
6652
8460
3260
900
9743
8688
8189
8859
4337
4921
6554
2703
1020
8235
4730
1178
9408
8562
6129
7150
3514
6620
9889
8583
6456
9495
3940
1229
3756
75
387
966
4484
954
4755
8436
7049
8373
7304
2102
7787
2674
7254
3450
4811
5400
814
7068
1030
6479
6781
5806
7790
24
4276
3691
8391
917
992
4504
8774
2580
7672
4972
5924
7903
9468
9329
1738
2603
7983
5087
1399
4188
5843
9706
33
2044
7392
7424
7776
3815
4118
9355
9280
5557
330
773
5858
8840
2329
9338
3630
7573
2606
8174
1409
2613
7670
2604
3841
6612
3550
3228
7927
1970
3957
9405
2289
1533
7648
466
7828
8498
65
3090
7301
8263
5045
7853
301
1152
5357
8897
1794
8450
7325
5769
3694
7087
5124
9529
7595
7908
5869
8135
3094
4665
4084
5801
5381
5476
4876
5387
3734
5552
5251
114
7217
4118
7744
363
9886
9011
6281
3124
658
3186
5249
6684
8837
1685
5661
3271
4997
8023
6599
8994
5861
3465
2696
7157
5989
2588
7637
8774
7686
9833
7754
7696
1781
1217
3363
6241
9382
4980
1079
7485
6803
2072
8029
9105
4831
8411
2214
5600
7286
1254
1962
6865
4972
3454
4633
4567
7548
9026
2295
2320
3521
2437
7977
3114
9915
6440
8639
6603
9748
5690
709
446
9671
1000
2689
5861
7617
5672
3662
2061
3005
2402
5712
9050
6814
2531
5848
808
2730
5347
4966
2621
1967
8232
6649
6366
845
671
4708
7811
2601
3937
9003
4694
4229
4249
3053
2600
5355
3839
1549
6086
2259
7337
8175
5663
8770
6720
4385
7755
1094
2760
127
1708
8659
2775
9297
3114
3596
5399
8132
8446
9958
3447
3280
5168
8205
1703
6492
2867
335
9639
4648
763
4186
2860
9360
1063
9975
8554
768
9087
8850
7156
1675
9510
5987
9268
6704
7313
455
8824
2902
9334
1097
6882
4153
6081
2399
8410
3846
6885
3223
6980
9947
5522
8120
1998
8246
5434
7521
835
1036
9146
7906
8129
5172
7242
8753
8903
312
6929
1339
2624
9769
4484
4282
3502
1119
26
3726
6032
5998
879
9381
2938
9791
4234
2215
1379
636
1680
2736
4976
3072
1205
6755
6141
5791
7631
7972
9069
5621
2859
2281
8635
97
9222
3237
4164
382
7137
3039
2519
7131
9083
4263
2018
879
3851
5232
7204
6016
6690
8428
9703
4430
6145
8083
7430
2287
3153
2026
4296
9196
2943
2183
3433
9155
4230
9464
8549
2075
9791
6394
8218
6660
7535
968
9658
491
1588
3574
9955
5906
2374
1124
8875
8906
922
1465
20
5850
6612
4719
4315
8673
4073
4378
4375
9821
3909
3199
9191
7395
6945
2234
9071
5412
2816
4115
7108
7935
7491
6232
1202
217
9743
4109
6446
6977
446
3665
1030
4276
5813
7735
4792
5490
4031
7413
3974
6542
7674
6155
1054
568
3463
1231
9367
936
7236
5472
1306
6886
666
8102
9129
9904
1558
4047
7454
5925
1586
4370
7997
926
8249
4315
7560
3398
9184
7291
6875
5322
9235
3187
7816
4558
5792
6262
6580
1500
2694
7147
3312
3758
8035
6850
1117
672
8260
3626
2380
3307
8082
9386
5344
8752
8327
4690
7977
8103
4710
4744
3898
7968
4401
6752
6526
9371
6683
2678
7194
5394
4244
3350
1348
36
6154
3199
4667
9879
356
9773
2150
37
9249
9669
5438
250
8182
698
1113
8270
2590
5463
379
2037
530
9416
1125
5368
4445
2926
3614
8407
3423
4285
9295
9007
8123
5228
9541
7972
6642
7500
5999
6443
8540
1722
610
8018
7703
6074
2283
8564
7503
7503
4339
1081
5345
1414
3339
4916
7092
1795
2924
3701
201
9455
4380
8828
3977
3920
8711
9307
6115
6688
6138
9775
8680
3016
6533
8242
9905
4036
3389
9237
1590
6900
1307
5357
7091
5463
7748
2749
6756
6637
7785
6765
408
1437
9222
4409
2355
7342
6848
5049
5190
469
811
5514
7831
5396
2966
3558
4392
7845
5320
1626
5907
8674
3464
5884
2436
5897
6481
3385
2360
4338
9262
1272
8014
3252
557
4238
7892
5932
5717
377
2449
7459
2798
5885
9154
8804
6726
2356
8161
6299
9454
1144
3352
645
1837
8813
167
5577
1694
9018
9575
8592
1451
6445
3789
7704
8062
7765
7259
868
9558
5371
5716
5408
9589
2025
1124
1222
5618
6685
2785
6961
8877
4172
1591
1310
494
7349
4890
3540
5785
9412
1993
4861
1456
7939
5461
5719
6443
7979
3868
9825
2854
1222
7806
2271
1295
8264
5040
2762
4611
5388
9495
5062
381
8899
7886
9619
2387
1777
2587
5813
8415
1208
8163
8076
7482
3472
1644
9812
7378
845
1873
8605
3550
2291
8836
6814
5763
2829
2262
2783
8705
2186
6971
2544
948
9434
7364
8121
1399
56
5779
8221
172
2848
5074
3878
3699
9058
4365
9265
9829
6795
3081
9639
1191
810
4767
6435
8555
1672
4329
8869
2036
571
9771
7690
2410
4061
7926
7635
7202
596
5395
8852
1032
9909
3071
4187
1429
8328
1170
1454
8348
266
2190
1883
6335
4425
4626
2415
7846
5331
7770
1647
4192
2720
9448
9146
7576
9638
1389
4262
587
6613
7871
9193
5727
3516
6434
8218
1847
7821
3791
6794
9339
5882
6400
632
3783
2562
2124
7646
2582
6834
3553
8263
7976
6725
3327
802
9116
3435
9683
5330
3914
6790
292
1479
8945
6841
1677
7933
5218
8467
3677
1675
1313
1988
1774
9382
3405
9827
7242
7845
7609
7060
7679
3331
5701
6563
735
7700
1869
6482
5492
8014
2032
5439
9347
489
4804
4455
2539
8218
4358
7202
9702
3645
4809
919
1086
8198
8834
4548
3559
4533
8395
828
2554
8582
500
8194
4679
469
8605
9951
6197
2960
8105
8596
331
2503
2514
8427
1305
9313
6896
8461
3779
1795
8752
9848
5793
904
4116
5435
8049
2716
6292
9203
6705
5992
2656
5459
2643
6421
1998
7552
6855
9495
9730
6922
2097
4965
7693
4704
6880
2183
3244
1612
7568
2482
8574
5056
1889
8164
8094
1806
8232
6113
403
2413
1315
7047
8238
4698
9056
2613
8933
233
9453
303
6076
5358
7328
8659
2496
5461
250
3531
5461
8724
1928
1365
8185
7094
8419
6255
6860
8843
9904
3345
9272
1229
6824
6363
6240
6770
2999
5864
6258
4590
6710
4649
7803
2046
8104
5256
4512
4579
7067
9463
9345
1826
5480
9597
5730
9296
8674
2898
7896
1565
9911
7145
4963
8982
6111
2108
9049
3911
856
1092
1891
6431
81
3619
8950
3875
1778
9418
2520
9798
6205
5475
3237
1112
1919
2775
736
419
3732
7043
8476
8371
7512
684
1054
4008
191
2229
8485
2267
2417
197
4667
1809
8787
4628
7782
434
7667
1016
1649
3343
896
9556
7775
4964
400
9161
8000
6712
9351
8331
3186
9260
7320
6348
1021
4040
1100
7760
4887
7384
5386
2851
6693
2391
6269
20
1600
2946
6753
7961
8798
5244
5165
4544
8570
6401
1570
9393
8530
3539
1648
8019
328
1065
9948
5589
1909
7654
1290
8283
1028
866
7030
1418
2922
3306
8432
3660
9005
8203
7084
891
8321
9739
6200
2301
1426
616
9599
3493
8027
4976
9043
9530
9571
2952
8713
6287
957
9786
6112
5454
1092
3851
6225
4602
1155
3489
6130
1038
7710
3374
1187
3086
9953
5418
3271
301
5180
9089
6513
9658
9993
3989
8341
5067
1887
4028
1672
8189
474
8282
1551
1780
666
3277
223
2323
9692
2428
5237
9290
748
9785
5186
8740
191
416
6411
6504
5659
7179
8057
8922
8798
99
6496
8340
1413
2163
4767
3505
9898
1745
5014
6963
3756
6514
3738
9661
8342
7436
9838
3135
4589
4250
8233
6965
6161
6547
8361
8251
1300
9585
5695
5349
8219
7097
9341
1029
9169
5009
102
8006
537
2586
6801
7651
8285
161
9816
7356
8995
7773
5881
157
9556
8321
8246
7536
5161
9959
6570
7575
9859
2185
7656
7933
9953
1831
8398
539
5483
3648
8434
5985
6201
450
1085
9440
2139
8881
1607
4687
5974
6241
4492
1490
1111
7190
2864
9872
5076
9786
5240
8823
7931
2293
8320
7566
9595
3423
2077
5904
30
8045
472
1810
9355
6382
6273
5950
1217
5519
4396
6905
810
8147
6589
6860
5037
9840
6288
1975
452
3177
1387
8248
989
4418
461
8659
3589
6539
9328
402
9852
4374
8657
2656
8326
8921
404
9244
641
927
7511
9576
9718
8935
2457
5149
2305
3384
5172
8909
3244
1614
2445
2585
1585
3698
8667
6185
4156
5581
324
3949
1257
6137
7055
7594
1100
5958
1058
4054
2593
8645
7715
2935
