659
965
658
732
90
179
488
694
790
619
781
708
157
205
465
987
572
285
667
489
44
57
553
157
422
213
585
207
562
42
618
359
789
924
416
867
609
471
919
607
123
301
244
852
17
334
537
866
421
815
654
217
906
112
222
303
444
436
57
589
157
586
60
828
505
517
363
120
278
294
233
907
250
840
618
416
212
696
344
231
603
966
807
413
15
919
801
455
556
47
472
705
384
197
426
668
325
434
322
926
247
467
165
694
947
828
516
674
94
495
189
247
340
530
879
941
324
369
111
794
738
690
265
435
26
42
5
14
111
266
327
991
515
634
653
495
316
771
191
205
279
528
730
117
696
706
360
487
409
61
149
352
66
697
783
157
21
925
442
693
456
185
526
202
422
259
134
839
799
960
938
210
343
769
736
881
984
272
255
801
196
115
71
8
411
356
44
465
967
237
867
761
490
458
343
299
248
86
336
463
473
180
899
313
292
248
552
567
134
644
794
738
726
938
792
516
168
996
422
170
659
610
74
766
14
812
49
491
102
45
453
645
422
519
182
242
229
881
281
745
671
814
730
974
954
270
85
848
14
711
43
475
856
538
654
939
688
328
516
295
935
119
158
811
424
450
492
293
47
618
905
228
933
612
414
164
429
916
998
4
715
771
775
916
69
733
785
31
910
272
333
409
916
62
17
706
778
307
391
497
769
228
569
741
168
940
77
418
532
674
516
460
135
203
41
693
823
454
995
991
324
825
856
676
258
886
488
992
911
398
889
159
233
471
793
304
884
346
351
865
730
438
582
406
137
656
983
241
941
667
444
391
902
717
788
568
886
314
120
999
933
367
33
440
639
104
913
74
795
145
159
500
332
285
765
624
253
274
676
409
174
878
249
477
67
395
16
293
527
566
997
871
474
434
399
509
205
588
77
345
465
715
898
719
906
69
458
178
431
584
92
620
63
973
407
69
750
930
238
430
523
305
12
615
29
864
470
390
75
285
905
411
596
515
468
456
813
301
406
847
443
765
669
888
46
895
844
129
301
307
247
286
925
744
60
17
587
737
324
972
923
580
918
16
154
251
791
834
970
758
371
613
492
290
972
143
420
772
984
770
779
87
436
361
704
880
547
269
868
984
56
971
380
281
335
324
822
582
888
852
778
594
22
289
947
346
430
920
473
818
780
610
550
445
366
82
682
593
378
636
930
124
559
707
872
973
461
516
138
526
219
41
604
726
891
754
732
277
630
682
715
761
52
379
112
387
337
987
925
673
223
550
983
362
991
662
866
257
587
851
615
569
738
692
907
860
729
306
315
699
614
785
826
536
337
280
41
23
91
97
476
577
492
817
684
20
622
928
854
752
903
592
558
868
761
88
779
986
397
845
142
418
116
864
709
526
940
32
258
426
576
374
795
927
678
783
410
980
547
611
271
140
381
955
358
991
508
793
680
626
342
998
114
941
618
857
817
303
454
869
642
849
122
993
375
459
383
129
559
6
47
665
692
327
164
773
220
345
508
943
670
783
490
271
704
833
126
241
438
365
580
739
922
425
978
543
884
171
735
359
478
444
618
81
159
515
991
78
936
76
526
679
8
491
935
407
920
132
818
815
811
932
92
405
161
101
384
621
396
261
54
436
699
896
397
536
637
673
98
860
315
547
664
426
17
559
628
615
997
173
449
406
227
919
304
279
156
237
117
977
434
131
643
641
406
37
659
399
356
120
605
16
765
702
139
50
215
333
243
718
179
433
726
14
919
817
8
810
314
120
197
775
172
788
926
441
752
386
800
823
856
661
908
214
324
917
767
516
553
463
436
820
590
507
801
17
902
504
544
761
665
38
145
487
927
483
236
999
615
479
464
22
79
103
429
869
101
474
145
250
393
640
55
70
345
892
26
98
306
218
92
459
3
968
301
141
810
945
927
842
21
406
480
694
692
803
621
145
897
427
907
260
974
882
550
530
814
254
409
128
669
168
565
284
119
241
789
180
223
94
631
575
991
542
605
209
654
728
829
470
223
139
606
315
652
263
785
892
84
872
851
83
687
701
111
970
435
437
315
731
779
963
39
298
970
40
457
168
838
126
411
610
435
967
812
473
501
437
941
531
984
901
268
484
812
254
992
318
709
665
676
683
970
476
89
924
382
288
397
276
914
52
340
544
753
254
552
253
71
899
819
968
830
728
88
233
87
808
411
948
575
789
949
767
120
772
511
725
856
386
870
455
360
601
998
442
84
658
611
803
763
240
483
513
364
857
78
249
380
245
944
414
380
548
310
354
502
397
771
824
