8027
2000
9764
9407
1999
5472
8897
7767
590
6401
2871
5257
9025
6566
1506
9648
7068
3781
3004
6883
3846
2761
3511
3691
5275
3194
7667
1174
8676
1083
4712
3537
8195
685
3210
7883
6400
6754
1287
2488
1449
6901
7030
9270
8305
920
2304
3463
3195
2266
3032
6125
4663
8886
7078
3475
1303
9906
5543
5614
8251
4806
1825
2228
6201
9872
1929
3618
5869
5392
621
6628
3608
8918
1967
188
2843
3913
898
2994
423
5281
903
9438
2836
3894
5322
8152
7852
3965
102
4481
3328
601
1416
6665
2039
582
1952
912
6860
5878
8540
3978
1294
2362
6471
1202
1739
1427
7571
145
809
3143
2414
1153
8144
5710
8697
4741
6684
7529
8521
4157
6506
6275
8483
5852
1667
5825
3348
6046
5895
4730
5591
5729
4232
3271
1237
889
5381
1591
8031
1544
3952
7196
4132
2372
2567
4441
713
8823
6405
5765
9150
9804
6016
3460
9457
7777
9526
212
7215
7447
3487
4281
7297
6154
2702
3306
8774
5079
114
1893
698
9218
1302
1147
1914
9412
8613
8206
3659
7710
9987
7361
2596
7471
1037
8730
7206
4582
5425
8125
6697
6998
9375
8645
4515
9818
2330
1261
3
8936
1960
5279
3925
8595
4896
7702
2008
1279
5409
5979
6740
1581
2267
8045
40
1170
2112
5031
3837
6743
3423
3584
8673
7083
858
1035
4794
6498
3267
4547
185
1297
1762
7124
9737
3790
1404
1264
6133
178
890
3083
781
2499
3285
9950
9299
8787
3602
8820
2102
5845
2561
6873
6025
9044
3992
4779
2433
7837
9427
2097
9553
8298
2441
4228
4632
3947
2263
874
4598
8610
9688
8166
728
5722
5904
659
6836
163
9283
9937
7796
9768
1277
7813
9056
3917
8660
5772
863
4333
7095
7683
6359
6428
4042
6958
5337
6820
5474
6891
6722
7082
4564
5285
3590
241
445
6322
6137
3078
9450
9930
4950
7787
2040
7102
3049
5684
4597
1763
7151
4662
8891
2040
4496
8288
9458
7650
2268
9634
4451
92
2488
1711
2898
9606
1091
7511
8059
4487
2866
2584
252
7118
5745
9775
9664
9299
756
1012
102
4178
4205
595
2505
7168
5159
8167
5284
6078
8959
4649
8393
4477
7512
7855
8344
5525
2616
7641
3998
3124
3394
6931
4645
6998
9248
6911
1279
4939
6772
9871
539
8812
2496
7417
9429
4658
7141
3514
6278
1273
5222
6886
818
7018
4522
4224
5935
636
3110
3635
8039
9760
4045
8983
795
1959
5429
6951
5976
4246
7863
1877
5732
4533
1599
8355
5448
5716
3293
5474
6283
7299
8130
2459
5222
4907
6089
7032
9449
1566
1263
4683
1673
4911
1229
6285
1591
6154
4092
6221
9293
1866
3102
6329
707
4095
5509
4637
5746
5663
5467
8950
6998
4730
876
6523
6331
3182
2013
8370
7965
7523
7461
9610
9844
6910
4827
4049
1806
9372
2441
6694
9574
502
2109
1363
2012
123
7650
9931
7988
5978
4844
3533
9308
2713
1609
6132
3035
2883
4229
124
8184
6555
9171
3511
5714
3862
5648
8412
5706
5226
6631
7601
6481
6140
196
594
1233
4739
7062
1837
4540
5457
8874
5797
3899
2452
6520
6411
8349
9744
9456
4229
8373
3956
754
4232
2478
4520
7586
8446
48
747
9096
6259
4402
7059
2202
9401
3338
6243
5291
8327
8937
3585
7757
1470
1663
6620
9333
3753
7361
2291
7685
9019
7045
7857
3205
7342
8371
3648
4364
122
7744
4745
3715
4859
2622
1178
8087
8193
2554
9729
3815
9221
6955
4839
7593
8742
3155
7071
2297
3969
3909
8497
5781
8756
2820
2738
6992
7316
8223
2931
6807
114
7511
698
9202
8821
623
8068
569
8167
4231
3534
8759
2168
2479
5657
5109
1959
2795
3963
8167
5212
1522
1903
9478
8423
5580
3090
995
6003
7380
934
6353
7984
9686
5476
358
9352
8978
3297
1661
5903
5048
3271
9124
407
67
4197
6050
4437
8429
3719
9399
2239
8360
4241
1641
1156
6778
9399
3612
6656
1400
8046
982
3018
8727
9937
1274
3432
4195
4975
2774
48
9820
1221
4672
7057
1092
1331
8001
7659
2579
479
5125
3277
7210
9985
8618
2411
8431
4568
9085
9244
5136
9436
8861
7156
1754
3124
7008
2619
639
8920
4619
6241
3437
718
3439
2720
4587
2505
6115
5435
4766
6318
8913
4787
7545
3245
5061
5893
4441
1864
4494
4731
8944
4558
4606
4516
2394
7638
2792
5260
6146
5091
6831
2688
4205
7593
1268
1085
1955
6330
1454
5525
8690
9280
6189
3830
7179
9931
8498
4049
5915
3336
8733
5967
2277
3460
3576
6936
4130
689
567
6404
9794
544
7598
8301
7472
3480
3808
3601
6381
6213
7337
2531
4420
409
670
9305
807
518
9613
7103
7627
3135
5787
5590
6018
160
8839
5750
761
9204
6542
1418
444
3731
2758
7390
5540
8161
701
2002
8163
7030
7330
964
5073
1476
9989
3490
1567
3667
5559
8164
6978
9189
8312
7216
9557
7254
869
5074
4599
8166
1529
1782
8370
6085
2819
377
3588
6026
5353
8875
336
6416
1572
5913
3589
7688
3638
4537
8904
8636
8985
8252
9443
8461
4865
9036
1570
3137
7596
9092
6903
4375
7068
3935
626
8211
5037
3310
461
9885
2259
2492
2
3643
4709
4039
7400
310
5735
879
5360
754
3968
47
9540
7551
9386
4126
3768
7003
582
4276
3832
6720
8247
6361
7835
4897
780
5748
9381
4603
1895
8317
481
3296
4230
9960
2481
540
4899
8088
7868
1563
7588
7263
9484
4761
6240
6986
809
2784
4254
5711
8263
5126
3856
9369
707
2872
5830
2523
8607
9069
8485
1938
1721
137
2854
2862
6591
2722
976
106
3309
6917
9861
2678
9749
7753
4612
4307
6221
3391
682
627
4442
2326
7677
3864
2754
6679
1389
7403
4726
883
2591
741
7158
4567
966
3220
2215
3810
7580
8991
9345
4858
1909
7531
1051
2805
7218
7528
7105
7412
1996
8047
6587
5432
9610
2978
1659
4036
234
5702
1250
9907
3243
6462
8448
4690
358
1136
2646
1899
3477
4040
5397
8104
1345
452
1312
1369
7965
7646
3871
2903
9794
2718
1169
8244
5873
1914
9433
6337
9141
5394
1877
9861
8974
2018
9407
5530
5171
1748
7350
3688
9099
2007
6478
1456
4987
4088
8882
1993
7624
7025
6247
1992
1194
8208
2947
3634
4018
8852
1133
2742
6266
9168
9970
1758
2534
7914
5379
4216
1394
4063
2129
9617
1491
8180
5432
3463
8345
739
3998
3380
4263
7674
2613
2873
5223
7696
7083
1278
3382
820
5792
7713
3661
4714
1178
7797
489
2710
8064
7732
6128
9080
3917
7146
8836
5873
9920
6451
6362
1555
7000
2504
3511
5564
7056
4722
2316
2442
8975
8749
3896
6946
3516
8487
7470
1788
9117
1171
851
9211
9768
326
1431
3399
3511
1917
3356
7206
9941
1222
7120
3697
8852
4023
2899
3655
7442
966
9499
4521
4784
8461
9121
9258
9001
9768
5704
2068
3177
9912
6794
1337
9297
3937
6567
4396
9904
5309
5452
9536
8362
4300
4333
7216
8503
2206
4044
8706
3112
2109
2674
3801
8030
4246
399
2269
9632
1979
3418
2174
2490
4080
1697
9841
7855
5428
9067
6507
4719
9898
3713
9556
6309
578
4241
3722
6513
3682
620
4030
4852
5605
6873
2021
8528
642
2696
1667
6214
8676
4239
9175
7025
8493
6751
1773
3407
3818
6791
9967
854
593
3993
6841
5226
2718
5165
2603
4295
19
9409
2812
3080
2909
4131
2034
3885
7661
5395
8008
7936
5424
2128
529
9108
125
8267
388
5039
9985
3723
5897
3126
6313
4920
986
5235
5066
860
8729
2007
7006
2123
1679
9300
4571
767
5672
694
4378
3459
246
8984
8178
3097
4685
7799
8538
9939
7272
8025
1698
6046
1995
5323
8986
5061
6254
6086
1889
6648
110
2545
8315
4357
2240
9399
6331
804
7552
9321
8266
8470
628
116
9609
5370
9525
1362
4296
5732
380
7128
611
9481
8507
6579
6596
5298
2111
5280
3886
1689
7155
3600
9779
6427
3746
1139
4270
4045
6641
5313
9171
1000
4080
9243
1872
6630
1008
3947
1293
8330
9205
9835
1107
9497
3675
8102
2731
6878
1964
5496
6167
1499
8263
5806
3769
6778
8257
431
5715
9946
178
2148
7593
2727
94
489
6938
2896
2136
9935
9256
9621
1701
5741
3471
1015
8798
90
8182
9400
9167
3401
2658
3544
2316
9705
54
1774
338
8529
50
5026
9949
8514
8094
8035
9117
5540
7327
9849
8589
3793
6415
8664
7419
4004
3947
7150
2274
348
2934
9411
9208
3291
2092
2010
5998
224
5736
629
3120
1809
1325
8139
8829
2802
9380
461
7330
1823
5508
1599
1236
9199
6032
3905
2613
6327
6386
3931
5565
6619
7692
2773
7682
5732
7158
3785
5168
9076
8233
3353
3958
5136
8712
4028
7083
9459
7337
1749
9684
6461
5761
8849
4328
8933
3782
8486
8328
151
9627
4244
4070
8881
1972
2238
9197
1531
5972
9500
8303
3394
9437
6693
1152
3413
4622
8893
8762
1669
7156
5899
6346
6788
8789
8344
613
1997
9551
6870
7014
7366
3
6008
8398
3399
4461
6622
1942
210
8715
8106
2673
5256
3801
8013
2908
3250
4536
5216
4296
2991
9964
6042
5984
8844
3576
4013
3524
1466
5071
5876
7610
5488
3245
4248
5018
671
6154
4358
1953
3605
4330
9586
5107
6136
3163
6464
7292
9447
4373
1649
9574
1585
7226
3623
5981
143
5683
3719
4100
4573
4359
4550
3172
2628
438
4014
6371
2492
1508
3908
7843
6612
2390
9704
6426
2032
6137
8359
2430
611
788
3910
700
9190
6015
4201
7748
162
6086
7271
9789
326
6713
4193
9091
7948
8704
1524
5360
3930
4199
7466
2544
995
7303
721
2687
3761
8616
4867
2968
8530
1633
4127
4853
1177
3913
2349
4418
6397
5487
6653
4271
1606
1420
1558
8405
9825
6816
6588
395
1537
9847
4338
4152
5676
8686
5756
8181
6289
2854
3073
8096
1741
2010
2255
1938
3839
8168
4803
3798
1428
7126
9429
2990
8170
5984
8976
6358
8039
7787
7211
2819
4362
6514
8361
2643
6548
2723
1755
7742
6272
5832
5521
2463
1492
6998
1650
9644
4697
5111
4204
9164
4721
5857
605
3000
4512
581
6917
6587
9667
3170
9670
9275
7978
479
6280
8520
3557
1679
7427
7186
9515
5120
5746
3590
4310
7250
3852
8716
7339
4000
7682
4897
1462
7536
7909
4142
1817
9455
4462
3322
5881
11
545
3990
7197
8919
2167
6130
3372
9322
2635
1912
9046
196
9829
8165
3264
4257
3290
266
8018
9092
5770
1300
4363
6165
1482
5282
7564
7070
3517
9578
2029
6769
1327
3873
5552
6029
8978
7954
2887
9666
5077
292
1915
5694
62
1387
7494
3949
6074
4029
3667
2251
1965
1298
7409
2767
7416
6725
5025
8246
1061
5503
5016
446
7344
5679
1757
4882
1740
8052
8746
5667
7732
3591
8674
7573
8604
2700
8590
1653
5617
8099
8250
6450
1458
9964
8696
9614
1208
6148
5098
6688
5494
9118
5340
6379
1429
4771
4622
6615
6553
5280
4752
2280
845
5080
6862
2063
5670
7018
7557
6606
6612
2784
9579
9564
7832
8656
9386
1272
3599
8555
7923
8243
1479
2718
137
3240
8651
7677
7609
7840
8416
2121
6828
1007
8028
7246
9641
5748
6441
8959
713
6360
7964
5221
3695
4706
9057
9373
1699
7788
3961
5613
729
400
6946
2513
2674
7091
2276
5902
3411
9077
7007
2197
5406
3285
7361
52
1802
220
2519
3421
9175
1324
3714
3312
7852
7975
2761
6084
7637
5878
5568
6376
1114
9719
5094
2787
8488
3470
3814
7774
5465
5446
1639
7207
422
4667
928
8951
2852
1045
6236
1443
7414
8693
2320
422
9367
705
3515
4193
5783
8616
3599
1253
1032
4556
5021
9522
2558
1018
9540
1290
4237
3124
6858
6822
2393
3169
136
5278
6420
6771
3194
5006
428
554
1911
2134
8366
3742
8826
908
2076
8684
9605
8286
6126
988
1505
3557
9251
6472
4730
5419
1959
5612
8454
9520
1150
663
3849
3998
4929
957
636
689
1772
2241
840
9710
4203
4010
7605
7168
4456
544
2865
4009
6122
8838
7064
9083
5
8895
7892
9138
2168
7150
3294
1362
6281
3865
5583
8608
2713
3162
8732
5548
448
6523
1551
1116
1988
945
7602
9882
853
3128
2190
1513
2147
5852
2019
1923
6422
7094
6394
6309
9634
9955
6773
4642
8238
7757
3958
8443
1493
5085
6414
5746
7343
9767
2006
8799
5015
1049
310
2009
1128
6511
8259
5130
4667
3796
3225
1213
8697
2433
8403
4925
5140
6395
6378
737
6026
5950
9816
441
2337
585
2852
9323
5906
6909
3936
76
3038
5243
802
6960
1085
8892
4642
8062
4616
7972
4350
1205
8167
4425
8410
7178
8189
213
99
7521
2858
7038
5443
1371
2662
5218
8707
6444
413
3784
5175
9924
2037
3694
933
9309
4252
7584
3440
4728
9336
9286
1675
2199
6919
8116
3497
6611
8187
8221
3118
2192
6810
9617
1939
1667
635
6011
878
3526
5513
5451
2149
5600
2617
7284
6124
5970
2580
530
8741
7699
8045
1364
8222
3883
4350
6457
1827
3594
744
2029
4384
5885
7475
8766
545
5237
2197
4515
1501
3497
4117
840
2219
2075
9885
3465
1529
4080
8418
5634
4641
156
874
2881
9694
7027
5070
9905
2285
5846
8179
7006
5907
6956
6571
7315
4313
1972
9367
2981
2091
6507
5403
1124
3048
668
8558
8345
4605
7632
4727
3954
1798
3470
7401
9148
4719
2007
3396
9872
8003
9086
3892
9958
1936
6858
3625
9181
7704
5113
8882
8416
3089
5887
1817
883
1032
9550
8063
6640
9065
180
7820
5224
6898
2603
4978
7679
4629
7317
6108
6296
2126
5410
8742
5776
3514
568
6589
555
2167
7845
2850
4823
4158
408
9501
3871
2072
1432
7299
3470
4313
496
7114
4850
2444
8291
9018
6162
7936
3796
777
1173
3987
2
1710
3606
9005
7590
5699
445
4623
9451
8602
765
4117
3899
5363
4949
8003
3216
7338
3788
3739
8829
1256
1643
8645
3087
4710
74
2499
5843
9690
3689
2995
2690
9837
1103
1420
7255
1689
5506
3315
6153
3634
3139
2979
8756
3160
672
3518
8733
7042
6145
1403
4101
158
9848
2977
2651
6891
5461
6915
8859
1885
9705
1393
9501
893
9160
7234
3296
4879
4798
9683
2346
8973
7491
4872
7126
5196
8720
2793
3077
1045
8156
9936
7421
7052
853
3054
7701
1545
2920
2344
5278
260
205
1537
3507
8943
8549
3788
2103
7325
472
2794
233
7649
4601
1046
207
600
3455
253
309
6052
1004
9671
4255
5620
3597
1763
9366
6982
7164
5166
554
3354
6705
299
4601
1392
2937
4216
4723
2363
4197
8203
1164
8154
5598
6137
1550
5589
5522
2029
1877
4170
3490
1830
3412
4435
452
9288
4291
2675
365
1373
8603
3893
1402
3940
6660
9914
2858
1347
4006
4959
7367
238
9766
2339
4538
5628
534
9588
1932
7319
7813
8522
1951
5967
567
9373
1625
166
921
601
2085
4085
8937
581
3401
8240
3537
4889
6230
4561
6976
7067
7805
6483
6959
5238
9016
750
7046
9932
6023
1093
4633
3880
8907
2976
4583
4642
9095
8991
6041
336
9819
680
5256
8053
6008
7709
4110
7916
7753
9267
4720
9061
4151
1694
5661
2735
5021
2155
9892
79
448
9463
510
7555
9943
3422
8834
2927
8681
9338
4174
1965
5850
3812
9825
2559
1774
4412
2206
9925
4804
1972
1916
8107
5057
3550
6949
1887
3493
3705
488
1524
3729
8513
9725
8739
4519
9933
8558
2761
1806
4185
4609
5940
2249
5502
270
4090
4778
8814
7120
8443
7512
7003
3434
8872
9417
4646
538
4280
7645
6742
1125
7598
8847
3373
6760
437
6773
1740
7129
3942
2609
2038
1062
484
8496
7563
8091
2064
4787
5772
9303
4981
3194
1238
3985
160
3013
7431
2512
9044
348
7580
7281
3500
3598
4344
5574
9811
4941
8953
9104
6373
7268
3540
5083
6599
6070
2332
5371
7234
8582
8873
9929
5203
7442
7700
6345
386
3054
2428
9795
5380
924
5006
1057
6821
7434
7114
125
2386
4838
9447
1389
7074
7711
3516
7774
3008
7606
4917
4039
6184
5312
8486
3202
6417
6182
4624
1598
848
2777
398
7979
318
1510
4551
753
5375
4512
6857
7666
8741
1465
6660
4415
9478
8691
7435
2952
5387
4854
2336
6589
3084
9069
1745
5039
1655
8085
458
7654
1087
9307
8113
9189
2971
7148
5608
4154
7709
8226
4071
7435
5211
3818
656
8059
7186
6042
2504
3618
9459
3485
3830
8067
2047
586
2812
1489
5017
9502
7352
9203
4494
111
5685
8710
1203
1754
989
806
5639
1104
9664
4750
9610
3937
6417
3342
4547
1980
2184
8360
9518
1387
5946
6131
8207
5219
6700
1681
8069
3215
8906
8284
1012
7293
2493
3117
9657
4080
2248
8914
5964
6881
8781
5216
138
8534
1626
6117
2236
2915
8887
9050
9846
8960
3782
6129
6239
3891
9596
1830
7814
317
7551
7990
7295
4170
5578
421
9079
9668
3613
7700
7705
7411
5896
2098
2523
8772
3267
6212
4360
4609
3093
7823
5762
6146
2062
8331
8397
6993
7083
3456
3191
1410
7684
9582
4185
1081
7817
3041
4028
3818
8477
2378
6257
5537
3882
4492
5431
7143
5380
6464
8178
1063
1811
9766
6467
6788
5695
6322
4131
5429
369
2571
2366
6789
8564
2886
49
1742
3994
9227
6455
7762
470
9358
8119
4675
5387
4311
4493
1621
6049
8853
2493
8324
5529
8649
4583
3963
2382
4614
4100
744
4827
9527
6914
7825
2419
2103
8610
4716
5953
9248
1129
133
4415
1929
8217
8089
1401
6291
8910
1982
4333
9830
9622
4015
4208
174
4924
8092
7487
178
4283
609
5472
8763
9742
9025
1776
877
1244
6419
7942
7999
7873
5409
7568
5099
7074
7240
5304
7494
7568
2262
1192
7409
5378
936
2921
5098
561
310
8469
5004
8117
1988
4522
8708
8964
2123
5528
900
2362
1003
6633
2565
2308
4030
1820
6923
3878
9775
8707
6084
1473
4686
6147
1301
4820
5349
8938
1430
8245
5151
847
6980
3572
7568
2569
8311
4665
2222
8969
2205
526
9760
5127
9785
8664
8871
9908
4740
2525
930
2118
9729
1646
1589
7477
9696
3230
6554
5169
4752
1455
4992
5350
8740
250
2309
7277
7849
8331
1563
9505
2022
9116
9869
6911
5603
4670
1830
2387
1493
1951
6590
8905
4734
4616
9851
9317
6359
8736
199
9170
6925
4580
4963
595
9575
2558
5361
3199
5846
3576
3257
5800
6868
4502
4832
3890
5032
9730
8337
400
8926
146
355
6751
6622
9942
4171
9783
6085
3377
797
2835
5564
6399
1273
4470
6847
6616
5390
4527
7597
1216
8272
1965
6049
2740
1084
8617
8521
3058
5227
7151
3672
3069
4191
5806
3585
5208
1106
56
1025
9008
1988
7885
9100
7244
8337
7841
8205
1445
4114
2088
7729
2655
3260
3166
3585
4808
2092
7068
5
8098
8984
5317
2442
4640
6889
9991
8246
1512
3604
8605
1458
210
6041
7498
6690
4041
5374
1060
7984
5920
6713
7815
7585
4207
9273
7611
5363
716
7928
4754
5642
4641
2254
2989
1407
1060
8170
5534
9732
6688
914
4141
4086
3530
4639
5357
7669
8300
9910
2368
1459
267
4453
9010
7376
5064
9299
87
76
7292
1648
8907
7316
4358
9912
8688
8752
7708
1877
3214
2927
5958
4190
2369
5751
3910
1757
6030
8655
5887
978
3178
97
7007
6045
4686
6055
7201
2811
5987
1633
1451
1640
8622
1991
5245
2265
6488
2326
8906
9583
7986
249
8805
9432
1374
347
1597
1336
8528
9459
5380
616
7325
1736
4023
2653
7649
3915
200
4233
4055
4996
5921
7398
5046
7157
678
7731
362
6817
2557
3263
4099
4717
9219
9002
8314
5771
2300
5932
4470
7848
9858
1890
328
9702
67
7317
4570
3341
7828
7449
6031
715
615
5749
9055
2117
4868
8223
7599
9153
3691
3379
6341
4802
1661
9702
9570
2275
772
1068
602
8195
8083
805
8956
356
1944
3231
1986
979
1419
1421
594
4456
9890
3664
760
1640
1911
8146
4194
9441
1445
4082
773
328
4963
5574
8627
5635
4558
7837
7783
3888
4220
613
808
6925
1801
412
5918
5040
1924
2211
6701
5328
7360
8395
1197
8928
2256
208
3108
6798
5375
3886
6727
137
432
37
1305
3501
7425
3014
1034
9686
9308
2014
1286
4556
7177
3482
6813
5637
7824
3677
8384
5572
2740
2514
2135
7728
7669
9280
4880
4665
667
9421
6713
532
42
4491
2050
6256
1819
3288
6451
2306
8422
8340
449
8976
815
6790
4646
3601
7525
3338
9207
9408
886
4253
9311
4733
2006
9398
2608
5149
7638
5814
5398
9232
3139
4829
5446
5822
1431
721
8607
9847
2936
1463
8792
4690
2303
5167
8653
2419
7183
9014
2193
1332
3599
8011
1094
4687
5425
6972
8273
8961
4978
950
7221
8778
585
84
3950
2836
280
5805
2679
4776
1064
7189
9806
690
1217
3714
385
4871
6630
4630
865
4075
8317
4074
8622
1969
4139
2466
5284
2662
556
5536
8476
2745
3940
9223
6837
94
1746
4696
139
5905
7915
4082
9451
3757
5725
5169
1976
1465
7538
551
3572
9173
4985
1452
419
5895
8085
5796
6241
9722
6081
7017
8036
9266
7504
4874
2333
4486
4627
9784
3121
5365
2830
8944
4126
2885
2254
6591
5195
3584
5106
4244
7524
1967
7944
3274
3357
3686
799
5323
8400
3577
1336
9698
1493
4097
1403
9401
1938
1232
6839
5478
2869
80
3351
5386
3344
58
6246
3613
7496
5806
5625
4253
6345
3321
7502
9681
8210
5041
5349
2611
551
117
9667
9053
6945
7075
8421
3334
2459
3362
9984
4019
7420
7910
8850
6128
9776
9863
3103
8449
3532
1167
5346
6122
7083
7146
2256
9139
6858
8516
7847
5251
2299
827
5209
3885
1059
9260
3293
8158
8420
418
8817
5176
2610
5522
5297
3407
8916
1367
3836
8577
8779
3964
8400
7279
5948
897
2006
3339
6603
6803
5169
6552
1598
9437
2984
615
1321
8067
4469
426
4518
9083
6101
7959
7189
4052
756
5856
2585
1691
7160
7700
4471
6763
4027
2265
6840
2856
8015
1355
5860
2657
98
3312
6909
8317
6476
6246
7768
891
7429
5303
2572
5615
4928
4439
8795
892
1748
1153
1628
9245
9984
1825
4948
964
9252
7886
5223
3357
3127
8831
3674
6592
4519
5134
8572
6397
1570
3236
9563
3848
240
9334
886
9606
4742
3254
248
5495
5090
2621
6672
5524
5155
4253
872
7704
7538
7531
8129
4005
6088
919
856
6135
9803
1048
9605
7434
6854
399
4852
5456
2571
5014
2672
6598
3682
6590
8241
285
8245
5437
6874
6881
3955
3901
614
917
9530
3041
8005
4634
3307
6390
1961
1260
7117
3856
7817
8026
827
1225
5803
1560
8506
9939
3521
3434
9028
9096
2925
1225
4722
3078
5658
3423
4538
6978
8996
7698
2025
8218
3841
4816
4849
1731
8987
4742
2496
1347
5604
3885
508
4382
2099
4269
7490
1132
9308
704
626
452
3125
8552
1347
4177
9358
5140
6953
1046
4415
9150
7000
7139
5537
1976
834
790
8848
3325
8739
5427
2289
2006
1084
9815
8251
7379
4491
1044
2662
3642
9825
2906
8400
7467
805
5102
1241
6564
2802
2089
808
6462
1322
2184
5038
1704
916
1964
5325
7573
458
6690
2095
8623
6256
2721
7897
1922
6147
5534
2094
9129
8851
5481
646
8488
8760
1061
7266
2849
1510
6630
4548
7433
2367
4946
8594
1082
451
357
8650
4456
6705
1804
5497
6745
9745
2257
5128
366
6214
6624
1388
8018
7468
6644
8802
9029
8223
3043
9679
8104
232
7854
2734
5378
6200
1214
3386
9319
8137
3645
1899
6420
1626
7658
5521
5409
8746
4682
2592
9096
5664
8156
1225
5432
1500
9594
8719
6276
9761
6777
8017
734
8603
9196
4940
4799
2491
6917
6798
8866
5965
1404
3892
8738
2109
8124
3502
1699
9299
7711
9849
3102
1966
969
5107
4472
3286
8492
3623
477
1702
1154
6766
7946
395
3854
4682
7154
9353
905
3803
1749
8687
5592
5611
9699
720
6433
9824
9435
9665
4822
1680
8394
4058
1555
4325
786
8548
7184
6744
4518
700
1608
9435
5781
4344
281
9708
3666
7547
1455
4959
8730
2738
535
3954
64
4591
4060
9662
3162
5662
9875
4951
7874
1929
1432
5507
9598
654
355
2072
7222
8797
2190
7992
5371
7782
4983
3156
4498
7056
9279
8210
7989
5593
2773
1283
9506
885
9625
9561
9757
8640
1560
6879
1822
3537
7271
8086
76
1022
4652
8470
1675
4164
7909
9272
928
7653
7739
6764
7170
9527
7133
7759
6250
9419
1514
3718
9076
8129
1582
4440
1701
4744
8225
8118
4577
6521
5382
3368
9093
9739
985
3257
5509
5930
8933
562
2273
4402
9682
7954
3810
2399
8906
6568
5662
5100
2357
1515
6953
6391
6655
8794
7512
1260
2295
8631
3095
7036
5850
4815
4942
178
5917
2527
5957
1881
9511
542
7947
9041
7548
7690
7606
9380
4419
4368
6066
2839
4281
4416
4161
5342
783
4030
6187
409
2038
8806
2237
817
9211
6646
8173
8452
3922
5023
9233
2587
6903
5941
2096
9290
5782
2700
5539
8000
7751
5336
2902
8157
1162
6372
9689
8784
5714
9879
2194
3224
3338
7447
3517
4548
427
8342
5629
1003
8514
6126
9664
3939
1211
2070
6282
5573
1594
4161
9619
7117
9513
991
4058
6001
4742
4643
2912
7156
4915
2701
9885
5674
5719
5183
6669
8435
6665
8189
5964
3314
8927
5462
2697
504
7037
2292
3757
7820
5126
7251
6515
2037
4569
2144
4516
7278
4608
5407
8258
9260
8109
8750
3414
38
1674
5284
2931
8778
7842
7611
9560
2360
9750
6038
1038
2743
3237
8000
7248
9509
6384
7400
5705
9963
161
6419
6359
1999
9158
3518
9917
48
8056
1398
264
9040
4220
2491
1365
3006
7177
1902
7350
8692
3304
5178
8753
3654
568
3967
9763
3165
4819
5802
8265
6246
7007
9866
6980
4778
5029
9523
2504
4372
1608
5801
3682
9175
2659
9432
9181
9552
1722
5493
4608
438
6978
3473
4984
8451
2101
3454
9586
8860
6336
808
7480
1159
2944
8856
657
4016
3263
9106
5808
660
8398
7163
4152
5794
9487
3908
2891
1872
6634
9884
5561
8086
2984
5169
6248
5228
2623
4117
4330
1064
1027
4682
6237
3358
6020
5311
118
658
6522
4401
1432
3025
1479
4462
4941
3993
8059
9844
6606
8275
1403
9079
5557
4954
3490
2928
3596
6096
6068
1394
5596
5462
7691
6861
9412
8444
9232
9257
5217
6133
8780
4621
2678
4136
11
5106
9403
9602
1677
4725
5282
758
6912
2977
2717
9270
7924
6511
6751
5609
2911
7157
3438
2420
4140
608
3780
1952
2149
3316
1565
29
5875
239
627
2912
7104
5431
6816
5698
4335
8520
2014
166
7461
5338
1520
7474
9052
9606
7358
1321
1389
1735
7629
3642
1105
7312
457
6682
7709
2358
9060
7641
8648
8112
6344
5942
2803
5374
92
3450
3702
3087
306
8915
1521
3430
1929
9638
5053
4043
9082
9143
4722
4871
9379
5451
7663
6266
3395
5431
8962
8239
4947
3420
2312
1929
4233
8911
9013
9468
4341
7558
1174
7406
8043
8782
5313
8057
5845
4067
637
9667
1106
2666
9587
2863
2010
7132
2304
8205
9150
1447
2914
2805
7091
9989
784
1038
5222
9727
9386
9472
9722
6607
4565
7581
5909
3299
4375
1742
4392
6550
3575
284
6388
9719
7711
9677
7208
2954
4359
7035
4094
3087
1146
8811
6455
1237
5839
7550
3468
493
1299
8989
7620
1370
8275
1765
4472
1882
7575
1973
4492
5886
3240
2572
5409
9580
3829
4212
7752
8751
7525
4087
2893
738
4987
5173
6422
2287
4793
8192
2250
4601
3572
1304
1249
2975
4088
4143
4847
97
465
8684
209
6580
4756
9375
602
262
397
1639
7904
611
2676
9844
925
3277
9331
5215
8757
9091
9953
5757
8553
7063
2199
6019
1551
3894
4915
9714
3463
1061
326
2927
4919
6081
7406
8987
8359
2066
855
1288
9787
4792
1274
3005
8927
6459
4444
9246
1769
2177
7496
4113
8533
338
5586
5781
1088
1808
604
5278
946
4055
5914
7058
3522
7080
5580
656
8741
7546
3291
1972
8638
7614
1803
5396
4293
3580
8392
4701
980
1428
6221
6726
3448
1755
2155
7797
3803
7866
7762
7225
2534
3627
7958
6186
7226
2468
4385
3796
3989
4910
9325
3489
160
7889
2473
3454
2624
9023
1164
6907
632
6881
5565
5789
7421
2767
2172
3652
3753
7336
1828
2964
3282
9480
2145
6759
7061
4594
6405
4335
9
9697
123
5721
8381
8858
5657
9981
2652
2840
9610
8306
6392
4488
2857
9131
6229
9717
93
402
9139
6265
4475
8456
1194
607
6505
4315
3517
5913
294
689
9399
74
8028
5606
9062
6582
2985
4608
9974
443
3302
2000
4638
6587
9258
8061
6463
5938
3404
8736
8088
5820
9841
3106
4130
8601
8790
6502
3695
7380
1404
3489
1977
1310
6502
3476
1546
6159
9248
9114
6294
6786
470
6873
9268
3445
4097
8296
6840
9658
2631
6714
952
728
1700
668
1296
1198
9484
5148
9972
7640
7374
5183
7244
8966
6084
4628
7707
9559
432
5314
3818
3927
1565
9351
9081
9977
1646
8894
2845
294
9008
5180
6550
9620
9747
4509
426
420
6952
3319
3848
9257
7313
9891
5165
5219
1501
7972
2168
2886
3399
6738
6788
3824
1508
6758
8588
6531
692
5946
9745
7358
9609
8778
9681
1495
1791
4239
809
2076
8403
2007
325
4498
9982
4317
9987
8089
5277
5302
4401
6737
3930
269
2448
1842
8484
5179
1127
8111
4584
3085
8685
289
9664
182
4225
6863
6917
9487
128
6490
6215
683
7345
5225
2179
4855
9663
4076
5037
8010
1962
1065
1046
8411
4537
2925
968
653
9303
8434
3228
3670
9923
9963
4861
9896
2086
2068
8763
7753
772
8931
9671
604
6048
5576
3248
9612
3362
933
3548
8427
4023
3265
8419
1133
9216
6553
3264
4345
5199
5404
8236
1783
6628
2629
4197
5462
8311
6756
555
5464
4701
6495
585
9835
7762
605
8127
1228
9114
1659
2088
398
6444
4414
9557
5470
8411
9807
6014
6346
2909
421
7931
7678
8146
5397
5292
8416
6817
6267
9985
2803
8508
6783
7219
4173
9455
9240
2051
815
5674
9723
7457
9328
4960
6179
964
2450
3471
519
7504
2592
6376
5278
4229
3986
6494
4312
3933
7885
7876
3121
3516
2160
6113
8844
8751
5568
1708
5087
3449
5877
9577
244
2021
4856
6627
6304
4066
7392
9342
6649
7183
3397
8031
5347
7697
4074
898
5288
2989
8155
5360
1898
8144
7743
4123
5311
9560
6356
3927
8628
5283
5189
6129
2128
7904
2693
3704
6432
7873
9265
6982
4474
8910
8282
9159
3085
682
7100
1990
2802
1930
2982
6596
9333
158
325
3861
9629
389
4094
675
3916
9260
2785
4450
524
2117
464
4627
6309
6324
5894
1057
1871
7937
8897
667
1417
7157
414
7919
1526
1058
4710
2842
9812
7701
4621
4451
8774
2851
9527
1353
1490
2182
7587
2149
1693
6039
4339
497
9085
2859
1934
4410
1595
4412
4335
8327
6291
1003
2702
9456
2546
2977
7845
1710
7304
9355
5395
4003
6291
8271
7501
4225
5023
3533
1740
5015
2331
7139
8453
3543
4562
7132
1770
8363
6849
8035
1426
736
5643
9184
9452
4102
2735
461
3109
9931
8417
8560
3775
1643
8788
9460
5202
3941
8116
4609
866
9774
1834
527
1813
4497
8107
8736
4499
6914
2228
9925
5110
2339
4469
1125
1160
4319
8610
6146
1961
9930
1237
9089
5917
855
2724
4604
0
5878
2859
590
2686
2429
2103
5552
29
9575
670
4483
9430
2804
1509
9662
4011
1234
6429
5349
2974
7238
673
9297
3145
7664
2345
5868
9344
7473
6772
6764
6421
4231
2339
9727
2898
2095
2133
5612
2140
1469
9640
3470
6718
5169
2192
851
7935
9129
2264
1942
8680
2945
2592
8061
9416
8387
2881
7002
2761
9623
4208
7593
6230
6311
5827
8281
6614
1974
766
8358
1988
5267
8462
2224
8386
4192
4628
4283
2727
6507
9115
7684
6335
379
917
1675
5202
8737
1087
4387
5202
7762
8705
7892
2980
2605
5407
8936
8362
4014
9368
4805
840
5874
3142
2017
9402
7150
9165
107
6450
3679
9151
6935
5656
5692
7966
6682
6423
2460
7153
6853
3353
2526
4799
1195
2120
1916
4249
2653
5344
5323
7261
5740
7881
5426
6625
3138
8631
6867
1509
6187
8642
3042
4727
9531
3415
8913
7546
9548
919
4752
366
5957
7298
4149
6863
4841
5563
9920
4677
7244
3896
1057
1295
1039
7034
9485
5357
7448
7684
2891
6899
8697
1204
2866
1878
5430
6509
7932
253
3421
9661
4074
7656
920
6504
1113
8923
9105
2608
7114
5861
4981
1689
9098
6251
6772
1088
6300
2428
5366
6997
6976
97
601
342
5849
7636
1508
9440
5501
6934
6396
5126
6432
6649
4262
7797
9933
4347
2121
4043
4975
5165
2505
2029
1434
8545
8489
5094
3769
224
2914
1591
469
3351
5607
774
2842
849
6372
8777
9642
8351
9560
1966
4836
7380
8147
6377
6898
9522
9266
1034
1887
9080
6322
4622
1662
9641
3995
5047
5882
2858
9318
5366
8304
9193
3630
8682
1056
157
8706
3378
845
9036
3271
6987
7223
7415
8884
4509
2715
1092
7365
6528
4864
938
4643
1848
5417
5819
4713
4066
1700
1849
8294
3431
7940
937
3646
4379
4923
55
9253
3242
5367
7469
9583
7150
7469
3110
7992
3529
1279
89
9474
6798
2354
2057
645
1118
9223
7799
7524
1231
3187
4278
7358
1277
3702
3435
4450
4238
5644
1553
2146
9745
8074
4090
4302
6787
4061
5185
4452
480
1182
7229
7481
8219
1133
8735
7821
2175
9778
4346
179
427
8857
2990
9908
553
3343
8124
4247
8667
2100
7455
978
1179
4491
9118
8493
2181
2755
2258
1534
5472
9496
3071
223
3824
2956
2195
9126
6561
5915
7103
1096
5318
353
1372
4624
5611
1436
8023
9169
9902
5202
7957
5937
738
2377
9596
6147
3892
4366
9976
3727
2523
7904
8808
5099
214
7665
9614
2390
3579
8374
5966
8074
1245
1749
8747
2295
2973
4231
2850
5923
5722
1083
4623
7129
3415
3566
7607
877
7897
3399
6214
2211
1934
9276
4541
127
1853
3922
806
9879
8627
8627
695
3937
7919
6525
4782
5182
8676
4260
9205
7831
5881
8450
9516
312
3350
2223
367
6997
1012
9220
8286
4133
8107
7830
2791
3961
5062
6913
5755
9424
1584
531
7146
2606
6131
221
5640
9706
691
3802
8595
8401
571
7694
4029
272
3148
911
3698
1062
6638
3615
3727
6380
7785
1919
1106
9261
2617
6190
6555
7703
2820
1820
8988
4264
8327
3291
6403
5450
9689
7940
9398
4819
7036
8349
591
5590
9976
7198
3082
3081
3443
2384
1504
728
7322
5148
8971
1413
7294
7755
2672
5127
8248
9641
9771
2258
8857
1331
146
7844
8764
5650
6166
8742
5085
4806
8039
1526
5559
9259
7310
3823
6912
210
2285
431
5598
7636
4862
3974
6329
3050
3636
1451
8525
9208
5670
944
8956
5511
9908
9039
3422
9554
8207
9203
2144
213
2815
5350
5184
7782
8513
6304
3301
2052
4336
1540
8671
7545
1203
5334
172
6670
5529
113
45
6243
463
4991
8221
3099
9529
7582
737
138
4475
3331
5803
506
2910
9846
2295
9516
9901
7978
4427
4956
5039
6903
68
6037
8706
2541
454
4869
508
941
3965
8954
6538
7990
2645
1471
9801
1315
4641
2271
5389
2399
4219
2587
360
9723
3700
9575
4117
2027
7349
4544
9200
5058
4213
1098
7113
7478
2460
5189
7358
3436
1343
549
3592
9164
191
1474
7697
7623
9165
8454
9013
5055
7011
2855
3687
4538
5380
9156
3853
9319
2200
5707
9855
1523
169
3389
770
7874
2214
4955
1489
6094
1414
1163
8226
2
8472
949
2450
8826
6579
5344
6612
4758
3260
8760
9874
4774
1347
1850
2609
6576
9550
3914
165
2218
2146
2794
914
4680
7796
9773
4597
2134
4391
422
6596
536
6227
5240
3436
61
4947
4125
3934
9506
84
4113
363
9189
1441
4416
8484
9897
1909
9655
2782
8955
1936
4441
6043
1600
6372
6886
1218
3779
8802
8319
533
7626
2732
8874
6423
2271
7025
6740
9091
2552
1276
9210
2339
358
1275
2085
1690
8484
1122
5255
2184
6054
7874
1261
6002
1953
1977
7208
9838
8193
6011
2320
4201
1654
2626
5295
8727
8669
2597
7030
7473
5909
4286
5272
704
5626
727
7645
5326
3836
8696
1022
5839
4277
2081
9822
8243
401
4968
8680
5306
7604
3358
6940
629
7232
334
4840
3501
645
1480
6374
7080
940
4815
9550
2303
3154
8995
5780
3366
7565
6141
7932
6323
9465
2802
636
5533
4822
7845
385
5605
8450
8664
5802
473
3371
9840
5668
523
7008
954
4706
2652
8846
441
6260
6274
6835
4439
7907
3390
5174
9680
7312
1976
9923
6953
86
5029
9180
7007
1639
3080
1590
2870
3942
3666
2796
2809
1385
7884
982
9345
816
7753
6342
5190
2312
4944
56
4568
4950
1069
4176
7606
9136
523
5308
3524
2333
4153
2402
5626
6890
2984
2878
9324
8243
2354
777
7449
8749
3239
859
8350
3237
3892
3717
4260
7933
1488
7553
8166
5760
295
5633
4415
3284
8241
3917
6034
8594
1722
7305
296
2581
3614
2168
8919
3670
4455
4846
2419
9566
9761
4320
8967
4324
2204
4994
3856
8885
4960
8844
9010
5062
8854
6533
1070
240
6916
2209
4562
4215
4350
6413
920
8366
9703
1408
8497
6472
8526
5545
521
5636
3720
1028
3113
3284
9589
8016
969
3538
5196
6981
5870
3702
1887
2532
5079
3759
4545
7590
2442
7763
6160
5109
8900
6831
7937
2887
6712
7418
543
3409
5448
9022
568
7275
705
5381
9021
2562
1499
898
3917
7994
3975
1384
3143
1113
3218
4773
9618
57
4328
5868
3900
315
8779
8284
6088
1311
6184
847
610
2418
2023
1974
7619
2886
5377
7205
3546
4215
9845
3041
2354
3584
7058
1710
2949
9385
5576
7611
1969
4847
6246
2465
1182
2402
6979
3099
8905
7220
9339
1420
9220
9127
8638
2529
5938
5917
4185
8967
9887
264
7439
7513
5199
3270
343
5454
6122
6515
4848
9373
379
4023
5597
5154
291
577
3871
3082
735
7678
4592
8868
1795
9527
7265
3909
6696
5702
4792
2831
1477
4651
3811
8919
2438
2233
4184
8474
565
4956
9181
5712
2117
2982
3614
9453
6213
4113
1874
8562
224
8071
3736
3620
6076
4077
6684
8827
3670
4197
4905
1952
3729
6460
1203
7898
1941
2514
4801
4963
5296
8905
154
2311
2257
9472
2002
6678
990
4623
637
4213
2895
4819
8739
5798
7953
6995
1854
740
8766
4760
3029
4958
9425
4418
4388
3624
6609
9148
4804
8625
5858
1636
8914
7571
3973
1370
4742
4917
7987
631
5870
7272
1593
5666
9536
7254
7711
4672
812
5784
467
9298
8908
7803
6794
4078
8651
4827
2121
1385
4045
8311
7369
1155
9875
1322
9408
7354
4121
1770
4328
2117
8247
7449
2756
5566
1200
1130
9399
1685
2420
2685
1152
4797
4480
6808
1114
108
6506
4939
2184
9448
8634
5324
1224
3944
4942
4564
7742
1978
231
8471
2991
8562
1430
5716
5941
1304
9507
9367
7098
750
108
5234
2148
5527
1028
6135
9870
1004
4200
7710
9027
5669
2755
1825
8005
2051
5175
155
5081
7036
6466
8838
2874
1058
9205
8000
146
2656
9289
4165
4788
634
358
8038
4204
8938
5911
3893
2616
14
30
3880
4338
7010
6974
3809
2133
8827
620
6215
6723
8563
3951
3975
5961
1985
7439
5380
1073
4417
5683
6097
3947
1755
9474
2345
1946
5061
7807
9843
6574
5069
7501
199
9667
6528
2729
5798
1506
5033
2515
3093
3999
9368
5965
3632
2503
8378
3682
1474
7517
9124
6896
6083
4114
6798
7497
3230
4249
988
3606
8676
2699
8724
3774
3245
4185
786
3442
1507
8050
7509
9326
7555
3931
3033
8784
1746
5469
8084
521
8785
5774
3182
9900
8017
7320
5261
1790
7878
5433
1601
9888
8152
1352
8972
9233
5066
1654
9194
5257
761
6770
6926
281
6010
5988
3402
6155
7899
8791
2432
8680
51
3193
7975
6998
1483
9689
8856
4465
203
2223
1978
8952
7779
894
2818
63
3779
4399
4094
90
6546
1725
4215
2059
5423
1689
8371
3889
6832
1384
2688
8568
7697
7692
9473
8207
3071
9593
1467
2797
8115
5676
767
51
4889
4790
9624
4126
6384
5766
4483
2238
5118
5397
2498
5646
8491
6215
1182
3949
3869
7818
4410
6185
3888
4788
658
8630
2407
4677
7317
2018
8581
9426
230
311
6276
2751
3146
7986
1279
5067
2254
9407
8591
1121
1849
9061
3299
2902
5660
6948
6923
3257
9832
8780
4619
4120
1340
3651
8897
6334
9325
5736
1305
2088
4147
8648
8456
2640
7154
9504
7630
8844
805
7525
2576
9509
3938
9965
1214
1886
5792
6653
8856
9025
2050
513
5423
5936
2551
2264
9874
695
2427
7917
8589
9229
6720
2616
199
1153
4063
6675
9667
9158
8269
9625
3818
1622
3155
8597
8095
1333
9306
5762
9091
2949
3571
8243
8481
8233
1629
1389
7819
1878
7988
5735
1747
2952
4939
6605
5774
2593
9330
7284
5614
9475
2280
7662
534
2014
6948
9476
6178
9393
8164
7165
4493
5838
842
2109
8560
3532
7484
8011
6018
9093
4610
8660
6102
3054
9279
8803
7069
504
274
6822
5493
1415
4987
5415
6501
2021
1060
3863
6775
8034
907
9475
9198
673
594
2570
6857
2642
4755
6927
7975
9938
5056
7995
1395
1847
5847
2329
6319
873
4862
1456
8038
2666
5469
8332
1717
8688
4527
7124
4776
6873
4536
8342
4115
7896
9356
9220
197
6201
6218
9501
3814
6979
4053
4225
5553
4552
9943
4009
385
1452
8540
5271
2044
6949
2861
2971
6152
4476
8640
7659
2662
5074
3329
6188
5795
2631
8233
4741
3240
7933
9068
5905
5467
7175
7813
3464
1462
3424
2187
8375
575
6223
7189
2602
4785
7975
4913
6573
3234
8146
7946
7598
4583
345
9064
8806
1596
8091
2580
4102
2262
4387
2793
3500
8317
9422
333
6040
2699
3237
7699
7015
7042
7835
7799
8737
1668
3213
2219
7188
3776
7519
4485
8003
6586
3507
9822
5484
8
758
6567
9618
9948
9751
2604
6639
4706
1819
8209
6480
5872
7512
4427
4726
4038
8068
9288
2084
5103
564
1180
9380
6556
1747
1986
3010
4606
2855
3761
2213
9583
9249
7364
3842
5261
2683
2051
7344
3740
4430
1479
2008
8895
2505
6193
7190
2884
8407
4643
7279
3794
4617
9249
5851
5545
2599
1670
2042
1065
3197
409
3651
2304
5380
4125
6066
4280
9266
6050
6583
2912
8891
2232
1362
3532
330
4312
358
1326
3573
6844
5912
5706
9566
5858
9603
1216
3470
8793
6225
4111
1057
6273
7866
3419
69
6889
783
3982
504
8506
926
7219
4372
2045
8369
9726
5123
4106
8557
5750
8210
7644
1172
6161
9044
4185
7517
8016
969
2842
2436
5259
7123
6046
2069
1388
9725
4870
7333
396
3123
8305
517
1348
9396
362
3456
9809
722
2036
8575
5132
4540
9675
4595
2201
6918
2015
4496
2654
6429
7521
6045
2531
4781
9050
2292
4453
66
9920
8136
2954
1429
2059
6860
7121
454
3175
1007
5083
1102
937
5618
6168
1243
713
9196
3413
4009
6446
8120
8898
514
1158
8893
8324
9859
8581
3334
4419
1728
3226
1484
704
3535
2447
2313
5205
9087
9726
7719
2906
5259
9795
3334
3897
8442
3428
7050
4658
5586
2390
15
4344
4286
8681
3512
9170
8973
1688
3931
2791
5553
4117
1685
9977
7211
6210
3912
8017
6472
9242
1915
3089
8300
7538
3270
7591
656
1128
2426
496
331
6449
4337
3943
4005
9021
5381
4034
1766
8353
5774
4917
2527
1305
7273
9922
2451
9932
4100
510
4055
9550
6158
9186
9506
4500
2558
2944
5651
958
5593
6244
780
4487
94
6909
3708
6903
1546
2105
6744
6126
3664
4536
3927
3666
6046
3300
2811
1908
4289
4642
4555
2493
3083
3518
7739
3920
3806
6502
9609
1160
109
5731
5766
6922
4844
5252
7148
9253
8416
4418
5381
2964
6308
233
4978
7016
4808
5257
3727
9428
6877
2562
7780
9143
5190
959
9101
1571
7577
6189
7379
7056
6561
8453
3381
7779
6120
9595
904
552
6148
2905
9392
6127
6411
5104
6419
5472
7001
2856
5932
4821
16
800
2258
6546
9735
5766
938
5614
9202
7306
4134
46
4194
3203
8017
6107
9749
4132
9866
701
2472
4055
8642
2374
8106
7465
1589
5509
4511
8640
6738
9915
8967
3484
3552
6088
6276
6153
7774
2510
4221
7775
9388
955
9247
7740
1845
3545
4548
4522
3458
9119
2861
3485
8337
9449
3788
517
6529
1186
4932
8366
7793
8840
5902
8035
4250
9212
2748
2862
7497
4449
5105
2651
6327
5483
5572
4375
9974
7635
8735
3051
8524
4993
5987
1682
2858
743
7836
6721
773
1143
3700
3027
8975
6880
6396
9988
6455
6974
7934
6270
6353
8455
388
3584
4942
9599
2829
5154
9376
1564
4658
4015
7742
1502
6228
4512
8451
5463
1560
5538
1674
4367
3071
2302
2510
4689
2983
1099
1862
337
4103
6076
3580
2651
4062
5389
5752
939
4869
9930
7738
4367
8337
581
4873
6231
1921
5974
1050
3041
2586
4571
3615
5274
8013
9040
3493
1286
3597
4158
2309
7916
4454
2478
8163
5596
8583
143
7316
2769
6296
9731
9848
1664
4210
4989
7458
1655
7247
1244
9555
1433
5255
3909
2885
8419
2777
6363
1690
8229
5977
5359
2318
6969
5915
6935
6568
9395
6033
5563
336
3405
5120
3975
3281
4658
982
1760
536
5298
6683
8661
4563
9122
3193
423
8282
8574
5053
3080
157
8419
2689
7587
9624
149
2069
428
982
6497
334
6070
114
2685
5006
578
6133
2213
1045
7911
6157
3652
4530
8534
3511
2051
5942
9475
6775
548
7337
4665
5298
318
2803
4239
5144
9045
9927
4127
4798
8655
6766
6633
7611
2839
1310
3147
3732
446
6156
6435
5552
1396
2142
1565
7096
2274
6602
8477
6827
6727
7076
4501
1112
8620
3896
6480
2157
9376
3850
553
5033
4006
8308
2315
4248
6271
1861
3779
6618
2652
2657
3163
7571
533
6584
8304
85
9128
6153
6815
6656
8379
3746
1895
3881
2621
6784
5062
3065
1950
8062
2515
5142
1722
5211
2843
7578
8804
3242
2138
1550
4844
3697
9540
2549
6724
978
3127
7128
3058
3465
7627
3259
2812
2111
650
289
3570
2132
2859
457
8227
1332
438
5485
6749
2985
8933
686
9812
7851
2176
9300
8967
2435
1642
4105
7736
9994
6070
2255
8392
9272
2684
8681
9899
4795
8386
2154
1469
8180
2818
7453
4155
3995
1352
7195
6199
1200
4953
6240
5187
5241
7840
9925
1838
6860
6249
9662
9439
5234
9608
3640
9370
1267
5831
5720
8053
148
65
8932
4915
2801
4538
2887
6803
3245
1307
369
9725
3446
6305
5702
2710
6364
9240
9912
1508
7472
5188
3549
7781
7397
2162
7963
9318
187
8334
5160
2350
9294
3662
4026
5423
4837
3214
1347
2996
6737
2007
7215
5218
3747
4485
3180
7266
9872
40
2508
1712
4414
2946
4668
4756
4136
6601
2527
1236
5260
8376
6326
7866
6700
9885
2372
121
3325
3529
3750
822
3355
5744
598
5616
9353
2541
3549
9577
3094
5256
9897
4073
3802
1158
4298
9723
8353
2126
6921
1796
7252
4165
7034
6603
6978
2821
5039
177
5332
7677
3714
4190
2797
7204
9038
7323
3619
6587
3639
118
6911
6741
4746
1549
2488
8356
5460
1083
388
2230
2366
7587
1038
7175
2735
9826
1132
6614
1377
3472
8253
6067
6254
1523
6490
168
921
5229
3111
8325
249
6565
167
3711
6352
5311
8830
3723
8361
5829
3732
1410
405
4230
1340
6649
7429
8618
1876
9036
5588
64
3436
1821
1718
8474
9326
9299
9101
4869
9190
5167
3953
4618
7166
8955
7494
8652
9369
443
3756
9754
8486
9507
2657
4016
2419
2477
4475
6879
3489
3137
7601
3639
8201
542
7292
5707
2093
3658
2668
7448
8455
7588
9699
5866
3045
5596
8270
5791
2658
5658
1289
4208
337
8074
1548
4405
5601
7691
3721
9169
3613
1843
776
2688
7523
4974
7824
6718
542
2642
3027
4786
6284
8236
9262
3027
1099
5844
6910
9919
5839
2178
1875
2236
8335
7407
8885
502
9660
1108
1497
7357
2751
2354
8021
2679
1958
6288
4285
3557
4721
5404
7079
9687
2925
6642
3060
562
4927
1165
5118
9017
3678
5137
9280
9977
8842
9833
9671
9322
8341
4187
1604
5284
6897
8311
5496
950
5471
7255
5711
8271
9673
1673
9416
6359
7807
4462
7547
8589
7504
8679
2383
5452
828
6244
6951
5469
1999
4866
122
2957
3289
8629
5252
960
3984
7894
81
9492
5557
7727
6230
448
6260
9553
3532
2775
8676
6486
8926
9932
7092
1904
3619
3617
1227
9961
2255
1334
8035
7366
5560
5957
8496
3913
7524
1101
7023
7907
7506
2757
641
3327
8682
8148
6524
7685
4482
1114
5862
4151
9480
3408
8069
5366
1634
6498
9109
1666
2618
8307
9232
8764
4619
7914
6223
4674
8559
1704
4568
7226
4206
7194
5788
5329
6176
6732
8872
5263
5513
5790
9284
3647
5861
1705
5045
8444
1737
324
5060
8265
916
712
4568
7344
5373
2782
7849
5813
9443
3289
9995
8467
9478
3874
7601
1780
2797
5164
6293
921
1626
8890
1111
2491
4711
1216
2409
8150
6537
9719
8234
1602
9334
4435
1040
3673
4765
7145
9364
4649
3758
6828
200
9148
2237
5646
160
5253
2319
4722
4321
6673
3433
3659
869
4503
8531
9149
185
971
2824
2892
9893
9019
9876
2258
1203
3415
1598
7131
130
801
8146
3925
157
5296
2227
3957
4765
4872
5218
5470
9111
929
2422
377
355
2130
8187
6515
3877
9015
87
2349
1438
827
9907
6862
2136
8683
570
2268
9681
615
1656
4987
6545
2161
8011
8583
1225
9398
2425
9121
5502
9681
9968
2374
5244
77
1664
6152
393
3996
6360
9366
9156
9673
1266
6235
5434
5187
3471
6206
2007
1950
2811
1723
7909
995
4640
1051
686
7231
4928
787
5786
7072
9052
2135
9003
1757
9647
9782
7696
1865
3939
6386
674
7226
4563
5072
8171
7757
5723
3643
488
2879
5181
1973
782
2297
3961
919
6628
937
4316
6243
4528
2243
6200
6189
395
1370
5054
7279
9301
5364
2874
5984
8306
7809
7338
1597
224
3029
1844
5187
5676
6978
1968
225
4573
790
316
2954
2437
1228
3672
4948
3935
3836
7219
9764
4297
232
1976
5261
2921
2577
7527
6871
353
5242
2006
9777
5474
679
7505
3775
6097
6111
2168
3994
1964
946
4474
229
6594
9430
1010
6841
6016
2202
7585
6798
7939
4227
4939
9338
4027
5011
1951
4732
5673
4885
3502
6951
5597
4200
5485
5525
6520
5776
6372
6427
6063
9141
2851
8380
8220
2648
3766
747
391
9066
2293
9298
7511
2297
9109
6273
447
5976
4022
3052
1424
7878
3912
6303
3693
928
5490
8950
8152
2578
7276
1397
2036
3641
4564
5176
2199
1212
7697
716
606
4401
4248
1130
5565
3925
6112
6911
8558
2362
2493
7368
9709
5666
5077
3112
3821
7409
6247
5957
9746
1551
606
3970
1037
6527
1677
5807
7512
9906
3895
8711
7136
1482
6715
6191
6768
5428
1528
2195
9199
4135
171
4023
7856
5525
4881
4602
4393
4422
6069
8709
9296
9967
2072
5359
7373
4109
342
8441
4611
5128
8045
7265
3553
842
3003
1738
8854
4021
8089
3874
109
3598
2501
4904
18
8360
9322
5097
2173
7255
8107
4448
9979
7921
2262
7858
4928
5801
3534
7925
9192
8674
9494
4492
9007
3769
9643
6212
4966
2836
8282
266
4750
7048
4096
9208
4787
6927
3484
7485
2168
46
5264
5327
2410
1879
1331
9483
6961
6508
549
9297
9997
2673
9042
9193
7675
7215
4217
2263
941
5468
3909
2173
377
2202
5634
95
8881
2002
7944
7976
5157
8861
4640
2387
6619
6199
610
6387
4776
9428
6347
5442
214
338
9641
7838
7108
47
7174
3067
423
4153
2557
3863
1446
8857
1395
4663
271
3722
2433
4477
5136
6052
677
5261
7107
7863
4541
7411
4701
5886
52
5550
8492
5010
6193
4031
8550
9422
1950
5742
7443
6687
3128
9610
451
9433
9584
4523
6329
4954
5271
5481
4320
8937
7556
9582
2295
4613
249
1312
817
35
9265
8531
3969
201
4494
448
9187
2682
8016
1417
211
987
395
8406
4271
8447
9009
5957
4619
7107
1957
1532
5501
1021
7792
4000
1081
7219
3243
3651
7657
3891
8202
4071
1587
3114
8463
6288
3415
1289
1088
8995
6599
9003
5732
8353
145
7131
6456
9324
5494
9680
2694
2680
9827
4352
5928
7845
8360
8094
2117
4208
160
5014
5094
999
6092
6393
9363
4946
91
8108
2277
7108
6133
8371
6745
7482
9659
7908
570
964
4845
1104
6826
2135
9899
1917
641
5744
6412
5221
8367
2228
3085
9659
7129
1144
8162
122
6081
1931
4594
4008
6716
9627
2282
1705
481
725
6589
739
9542
1728
8367
7082
8379
6335
3247
82
2417
3081
2465
2420
7626
9663
6767
5041
6582
2977
1436
8626
8092
7685
5487
264
4979
5425
1174
5342
673
8011
9200
1981
7210
1752
1627
3926
8488
3224
8870
8090
7419
181
8316
3336
2684
5157
2243
5842
8610
5488
2822
1224
4536
7507
7539
3636
6884
8168
221
2550
5132
8191
309
2812
9789
6673
9131
6644
9074
7122
2379
4573
1965
4312
6812
4817
9882
2789
9541
8370
5156
5838
2726
8672
1419
1990
8582
1846
3403
2075
8698
2183
9715
7651
4361
5744
6583
3485
7731
5783
2950
6636
7579
2841
8554
5311
4191
7035
8426
5495
5447
1195
1815
9674
7096
8820
5953
2817
6207
2603
6839
6202
7154
3238
4435
2389
1886
7083
9907
843
1775
3964
9000
7759
3160
8858
97
7576
900
9004
7430
3182
4822
6537
3722
3593
2196
9905
848
7281
3024
9229
9302
7330
1811
5584
2676
7532
2577
4194
4952
6488
3794
111
4052
722
2850
9316
5501
835
4165
3545
4857
8989
7469
2739
4433
7756
570
9160
387
2102
4608
9291
5421
5402
7150
2829
7912
398
4927
8669
2913
7735
8650
4194
4721
311
7380
2440
2093
6173
3030
4189
8513
4061
5775
6003
5524
8568
8590
8514
368
1368
245
4798
9939
3033
3884
1599
9570
9518
9817
7665
62
4834
3409
3581
8504
9282
9639
7830
4051
4209
6652
7353
4066
7539
159
9073
766
6293
1932
2039
8249
9398
2578
5614
3027
8328
4979
509
9244
4745
9614
3405
7611
5883
3468
383
1546
8146
3468
4108
369
3847
2658
4944
6081
2710
6692
4117
796
3436
886
637
6493
9928
148
5426
6839
2024
8025
1152
1520
8831
6390
5849
8124
2302
2897
1607
4225
8530
4264
1109
2403
8303
6074
3083
457
1423
2736
4744
5637
6319
1408
2334
3405
858
6008
939
9529
4524
4440
296
8319
7900
4887
7068
7171
3149
1199
6859
1356
4924
1695
5571
5917
2897
1207
4297
4838
4682
6514
3195
3726
5241
7691
880
8295
4935
990
4508
9836
2580
5712
4664
4475
2505
3712
3001
8824
3673
845
9662
9538
5991
1029
3746
4365
7003
1677
8054
1458
2434
3705
2648
2052
3955
994
5290
547
9663
6452
8998
6056
7368
7790
4107
5605
6086
2042
522
1491
3269
5760
6991
9901
2637
3202
6129
1083
4999
6993
7089
4884
3861
6535
3442
8891
531
9636
7944
3800
2333
4510
7513
2373
4531
5002
3349
693
3802
1518
7634
9097
5125
716
6355
1364
9082
6674
8900
7433
6793
710
3526
4188
4266
8172
6731
5633
5539
4878
2594
3954
6419
7196
632
369
1839
862
8507
4429
1445
9216
4694
1541
1660
1196
8185
413
2918
4950
7317
7908
7865
8431
3484
2031
1156
7517
6280
9519
5622
9239
8945
1869
9796
1196
980
2736
4276
611
6793
8008
8774
625
2791
2832
1906
4842
8472
7635
2551
2592
1017
7723
8631
2544
5892
4865
297
6446
9038
3716
2978
2894
4883
7299
9478
1997
9453
1289
9525
504
3014
4865
395
6918
8908
3511
1145
8410
8614
5441
6314
5488
4864
7765
6022
4412
3871
235
172
6463
7677
5584
1575
7530
229
4911
8595
9250
6
6420
5283
469
4684
8572
579
6971
5956
6612
8408
9632
102
2780
208
74
1811
4645
2205
3362
8524
9172
4887
8391
1869
3559
6773
6416
6110
9969
7337
5927
918
7763
8737
8756
4899
2852
6357
8175
5098
1215
6892
9221
1563
7478
1758
3072
4195
2629
4005
3853
6531
9815
2678
7587
8483
2692
8328
7076
6257
8973
1368
6440
4052
2566
1463
8677
3760
9648
2852
8541
2780
2778
2958
2052
419
5485
6643
6485
8804
2045
7165
6209
2745
5336
3801
1374
4594
5595
3879
1357
7593
1536
3801
5005
4203
2770
8477
1302
8789
7139
3401
835
2689
230
6530
6622
9252
9211
3554
7842
1485
5852
4480
3930
915
7982
5285
4485
8925
5023
7768
8067
3696
4734
4963
8785
4368
242
7639
3179
2825
7861
7130
9906
3915
3235
5039
7608
6562
1172
2111
5268
6966
7522
457
9451
2140
6355
5168
2528
2429
1786
4632
9400
4602
8382
3186
8922
5143
4289
7828
6334
8224
938
1258
1655
5355
3415
1443
9224
7251
9299
769
3108
8201
7767
6360
2827
420
1599
1622
5536
386
3
1908
1354
4755
4359
2640
3460
8944
2143
2248
9651
2398
2948
5829
1947
2767
8526
8409
2733
4501
7360
6215
6327
2984
3862
2326
9902
2475
5875
725
9311
1902
4986
5256
8612
709
8654
7356
3289
7751
8384
1994
8800
4189
2607
2262
3553
1907
3747
598
7593
5376
239
1751
6063
7405
7024
2060
6305
3667
8212
2423
8495
12
2607
2717
3479
4931
6552
9530
3942
3941
5084
6752
1653
4382
3423
5353
5167
3181
3188
4486
3339
82
9324
2006
3954
889
2805
6949
1796
6274
1068
84
9753
7640
6787
6304
6026
5758
2584
4114
467
2669
1628
1532
3126
3298
7521
4558
2363
2247
9809
9110
4958
5392
5295
3222
7360
9779
8470
7039
7328
8648
5954
1755
6015
8759
8452
5852
2244
4400
8635
983
6277
9971
72
3590
6136
5852
7396
2493
6240
3671
5734
8971
5448
84
9336
8716
4282
7622
1955
1701
1605
7353
487
5290
4830
4163
8511
1657
370
5691
2614
1185
4317
943
9843
9661
8729
2778
3956
9984
5773
7453
3315
105
3805
7416
7394
3012
3235
1297
5742
4625
5829
9331
2576
6993
376
192
9194
7446
4823
246
3148
3202
2564
6254
4840
9427
7664
8012
1965
7451
1547
4620
6378
3224
634
1647
5683
7569
328
6675
6628
4733
213
8844
6345
7511
8347
3633
6267
1536
6479
789
637
8403
6691
6011
5074
3546
5074
1708
4443
3672
548
8153
3964
8463
2973
7149
2611
4430
7057
8801
1917
9541
4599
4336
9825
7583
8580
5749
8053
9504
7521
7967
8704
2639
4540
4404
5268
9048
8698
6537
6910
4444
1298
8335
6014
1045
4743
1770
7594
528
5846
6757
1221
8752
6905
8173
2303
3350
157
7111
7090
5190
2074
7585
9285
6924
5377
9524
2780
2318
3175
3103
8788
6324
6454
3221
8149
8348
9802
3916
3579
4288
1870
3524
5280
5540
8645
6118
706
612
6998
2561
3428
2296
1032
2543
5729
319
6092
823
6622
3989
619
7790
5204
4294
6508
7763
2189
847
4116
7112
4272
8990
3120
6526
5207
5488
9043
3132
5883
6938
1789
7467
5166
8901
6283
5517
9157
1775
2557
4235
2582
409
6431
6226
904
6762
7137
8740
5870
2938
2933
4793
6445
9570
7721
8430
3711
3375
856
1128
9260
2875
1420
7369
5190
9168
1814
1947
9019
6755
5410
472
5961
1073
4415
4669
4519
5439
1857
8923
